#Total No. of N-Gram Types: 5237
#Total No. of N-Gram Tokens: 137037
1	7198	1	в
2	4212	1	и
3	3772	1	на
4	2261	1	не
5	2080	1	по
6	1911	1	с
7	1814	1	что
8	918	1	к
9	842	1	о
10	838	1	для
11	761	1	из
12	754	1	но
13	750	1	за
14	725	1	это
15	724	1	он
16	718	1	от
17	717	1	а
18	709	1	года
19	682	1	рбк
20	672	1	россии
21	628	1	до
22	625	1	будет
23	623	1	как
24	604	1	руб
25	582	1	млрд
26	579	1	его
27	516	1	у
28	457	1	говорит
29	454	1	может
30	445	1	году
31	390	1	компании
32	368	1	если
33	365	1	также
34	358	1	при
35	334	1	то
36	317	1	уже
37	311	1	более
38	311	1	только
39	306	1	которые
40	293	1	их
41	290	1	есть
42	287	1	млн
43	283	1	все
44	283	1	этом
45	273	1	банка
46	269	1	том
47	267	1	еще
48	260	1	представитель
49	257	1	этого
50	254	1	словам
51	253	1	быть
52	250	1	мы
53	249	1	было
54	247	1	они
55	247	1	сейчас
56	244	1	или
57	238	1	сказал
58	236	1	был
59	236	1	так
60	231	1	сентября
61	225	1	об
62	221	1	будут
63	221	1	бы
64	219	1	банк
65	218	1	ее
66	215	1	были
67	215	1	же
68	211	1	после
69	202	1	того
70	195	1	время
71	194	1	могут
72	193	1	который
73	192	1	во
74	191	1	под
75	185	1	со
76	183	1	считает
77	183	1	цб
78	182	1	компания
79	180	1	источник
80	180	1	около
81	178	1	заявил
82	178	1	чем
83	177	1	украины
84	173	1	чтобы
85	171	1	пока
86	170	1	власти
87	170	1	тыс
88	161	1	лет
89	161	1	стороны
90	158	1	из-за
91	158	1	россия
92	156	1	год
93	156	1	она
94	153	1	вопрос
95	151	1	этот
96	150	1	всего
97	150	1	даже
98	148	1	банков
99	148	1	российских
100	146	1	можно
101	145	1	решение
102	142	1	санкций
103	141	1	нет
104	140	1	системы
105	135	1	банки
106	134	1	сообщил
107	133	1	один
108	133	1	президента
109	133	1	рост
110	130	1	случае
111	129	1	санкции
112	128	1	против
113	127	1	когда
114	127	1	однако
115	127	1	отмечает
116	126	1	компаний
117	125	1	капитала
118	124	1	ли
119	124	1	правительства
120	124	1	развития
121	123	1	два
122	123	1	ранее
123	122	1	этой
124	121	1	них
125	120	1	сша
126	120	1	числе
127	117	1	акций
128	116	1	больше
129	116	1	президент
130	116	1	я
131	115	1	всех
132	114	1	владимир
133	114	1	счет
134	114	1	через
135	114	1	эти
136	113	1	этих
137	112	1	александр
138	112	1	без
139	111	1	несколько
140	111	1	тем
141	110	1	которая
142	110	1	очень
143	110	1	поэтому
144	109	1	близкий
145	109	1	комитета
146	108	1	правительство
147	107	1	бюджета
148	106	1	должны
149	106	1	ни
150	105	1	газа
151	104	1	августа
152	104	1	была
153	104	1	например
154	104	1	ситуации
155	103	1	данным
156	103	1	между
157	103	1	рассказал
158	103	1	часть
159	102	1	роста
160	102	1	средств
161	101	1	акции
162	101	1	партии
163	100	1	втб
164	99	1	глава
165	98	1	башнефти
166	98	1	которых
167	98	1	страны
168	98	1	т
169	96	1	фонда
170	95	1	система
171	94	1	рынке
172	93	1	кроме
173	93	1	области
174	91	1	директор
175	91	1	проект
176	91	1	рынка
177	90	1	путина
178	90	1	тогда
179	90	1	является
180	89	1	выборах
181	89	1	почти
182	89	1	российские
183	88	1	возможность
184	88	1	российской
185	88	1	собеседник
186	88	1	экономики
187	87	1	андрей
188	87	1	должен
189	87	1	ему
190	87	1	москвы
191	87	1	свои
192	86	1	где
193	86	1	новых
194	86	1	порошенко
195	86	1	средства
196	86	1	цен
197	85	1	говорится
198	85	1	деньги
199	85	1	им
200	85	1	раз
201	84	1	говорил
202	84	1	евтушенкова
203	84	1	закон
204	84	1	нужно
205	84	1	российского
206	84	1	суд
207	84	1	человек
208	83	1	алексей
209	83	1	другие
210	83	1	совета
211	81	1	налога
212	81	1	сергей
213	81	1	такой
214	80	1	других
215	80	1	части
216	79	1	начале
217	79	1	согласно
218	79	1	эксперты
219	78	1	другой
220	78	1	условиях
221	77	1	идет
222	77	1	минэкономразвития
223	77	1	поскольку
224	77	1	своих
225	76	1	тех
226	75	1	вчера
227	75	1	дело
228	75	1	первый
229	74	1	аналитик
230	74	1	законопроект
231	74	1	лишь
232	74	1	свою
233	74	1	три
234	73	1	мечела
235	73	1	минфин
236	73	1	ставки
237	73	1	эксперт
238	72	1	возможно
239	72	1	единой
240	71	1	которой
241	71	1	продаж
242	71	1	работы
243	70	1	конце
244	70	1	украине
245	69	1	директоров
246	69	1	роснефти
247	69	1	хотя
248	68	1	бизнеса
249	68	1	именно
250	68	1	итогам
251	68	1	нас
252	68	1	начала
253	68	1	п
254	68	1	путин
255	68	1	стал
256	67	1	бизнес
257	67	1	главный
258	67	1	дела
259	67	1	менее
260	67	1	мнению
261	67	1	отношении
262	67	1	период
263	67	1	представители
264	67	1	ситуация
265	67	1	центра
266	66	1	-
267	66	1	инфляции
268	66	1	качестве
269	66	1	которого
270	66	1	кто
271	66	1	следует
272	65	1	него
273	65	1	пятницу
274	65	1	регионов
275	65	1	считают
276	65	1	уровне
277	65	1	фонд
278	64	1	москве
279	64	1	проекта
280	64	1	решения
281	64	1	эта
282	63	1	активов
283	63	1	нефти
284	63	1	новые
285	62	1	группы
286	62	1	потому
287	62	1	председатель
288	62	1	речь
289	62	1	связи
290	62	1	таких
291	62	1	теперь
292	62	1	территории
293	61	1	августе
294	61	1	афк
295	61	1	выборов
296	61	1	газпрома
297	61	1	двух
298	61	1	капитал
299	61	1	крыма
300	61	1	меньше
301	61	1	над
302	61	1	одного
303	61	1	одной
304	61	1	рынок
305	61	1	стать
306	61	1	цены
307	61	1	эту
308	60	1	газпром
309	60	1	должна
310	60	1	зрения
311	60	1	первом
312	60	1	правительстве
313	60	1	скорее
314	60	1	течение
315	59	1	дмитрий
316	59	1	сегодня
317	59	1	системе
318	59	1	составляет
319	58	1	госдумы
320	58	1	организации
321	58	1	сми
322	57	1	руководитель
323	57	1	срок
324	57	1	частности
325	56	1	владимира
326	56	1	деятельности
327	56	1	информации
328	56	1	работать
329	56	1	стали
330	56	1	стоимость
331	56	1	строительство
332	56	1	там
333	55	1	игорь
334	55	1	иностранных
335	55	1	нефть
336	55	1	объем
337	55	1	поставок
338	55	1	пояснил
339	55	1	председателя
340	54	1	действия
341	54	1	закона
342	54	1	июля
343	54	1	михаил
344	54	1	неделе
345	54	1	несмотря
346	54	1	образом
347	54	1	отказался
348	54	1	право
349	54	1	проектов
350	54	1	роснефть
351	54	1	рубля
352	54	1	стало
353	53	1	ввп
354	53	1	годы
355	53	1	евтушенков
356	53	1	минфина
357	53	1	придется
358	53	1	результате
359	53	1	ржд
360	53	1	сможет
361	52	1	бюджет
362	52	1	выборы
363	52	1	июле
364	52	1	рамках
365	52	1	уровня
366	52	1	участников
367	52	1	четверг
368	51	1	депутатов
369	51	1	конца
370	51	1	кредитам
371	51	1	кредитов
372	51	1	мира
373	51	1	ним
374	51	1	работу
375	51	1	российский
376	51	1	сам
377	51	1	таким
378	50	1	готовы
379	50	1	день
380	50	1	надо
381	50	1	отметил
382	50	1	политики
383	50	1	последние
384	50	1	практически
385	50	1	предложения
386	50	1	проблемы
387	50	1	регионах
388	50	1	экономист
389	49	1	возможности
390	49	1	голосования
391	49	1	добавляет
392	49	1	ес
393	49	1	комитет
394	49	1	либо
395	49	1	объясняет
396	49	1	пакет
397	49	1	предполагает
398	49	1	примерно
399	49	1	проекты
400	49	1	расходы
401	49	1	россией
402	48	1	заседании
403	48	1	первого
404	48	1	поставки
405	48	1	сделки
406	48	1	сравнению
407	48	1	суда
408	48	1	украину
409	48	1	цена
410	47	1	государства
411	47	1	денег
412	47	1	днр
413	47	1	доля
414	47	1	комментариев
415	47	1	месяцев
416	47	1	перед
417	47	1	получить
418	46	1	вариант
419	46	1	вторник
420	46	1	долга
421	46	1	достаточно
422	46	1	новый
423	46	1	продажи
424	46	1	рф
425	46	1	сделать
426	46	1	снижение
427	45	1	активы
428	45	1	клиентов
429	45	1	находится
430	45	1	олег
431	45	1	позволит
432	45	1	предложение
433	45	1	россию
434	45	1	стран
435	45	1	точки
436	45	1	ходе
437	45	1	цене
438	44	1	годах
439	44	1	депутат
440	44	1	долю
441	44	1	имеет
442	44	1	лиц
443	44	1	меры
444	44	1	повышения
445	44	1	сумма
446	44	1	условия
447	44	1	участие
448	44	1	фракции
449	44	1	этим
450	43	1	группа
451	43	1	м
452	43	1	москва
453	43	1	некоторые
454	43	1	поддержки
455	43	1	полагает
456	43	1	полностью
457	43	1	своем
458	43	1	составил
459	43	1	среди
460	43	1	трлн
461	42	1	большинство
462	42	1	вместе
463	42	1	инвесторов
464	42	1	использовать
465	42	1	нато
466	42	1	переговоры
467	42	1	прогноз
468	42	1	прошлой
469	42	1	работает
470	42	1	расходов
471	42	1	руководство
472	42	1	ставок
473	42	1	стоит
474	42	1	такие
475	42	1	удалось
476	42	1	федерального
477	42	1	целом
478	42	1	этому
479	41	1	банке
480	41	1	второй
481	41	1	инвестиций
482	41	1	кредит
483	41	1	нефтяной
484	41	1	очередь
485	41	1	план
486	41	1	подтвердил
487	41	1	предлагает
488	41	1	раза
489	41	1	список
490	41	1	те
491	41	1	управления
492	41	1	уровень
493	40	1	всегда
494	40	1	запрос
495	40	1	известно
496	40	1	которое
497	40	1	кредиты
498	40	1	многие
499	40	1	московской
500	40	1	назад
501	40	1	налоговой
502	40	1	оно
503	40	1	сбербанка
504	40	1	своего
505	40	1	себя
506	40	1	такое
507	40	1	финансовых
508	40	1	экономического
509	39	1	введение
510	39	1	говорить
511	39	1	годов
512	39	1	дня
513	39	1	должно
514	39	1	избирателей
515	39	1	крупных
516	39	1	основной
517	39	1	просто
518	39	1	сайте
519	39	1	систему
520	39	1	тому
521	39	1	тот
522	39	1	увеличение
523	39	1	чиновник
524	38	1	агентства
525	38	1	говорят
526	38	1	государство
527	38	1	деятельность
528	38	1	конфликта
529	38	1	которым
530	38	1	кпрф
531	38	1	кризиса
532	38	1	крым
533	38	1	политолог
534	38	1	пор
535	38	1	предприятий
536	38	1	президентом
537	38	1	риски
538	38	1	ставку
539	38	1	экономической
540	37	1	вопросы
541	37	1	времени
542	37	1	вы
543	37	1	выше
544	37	1	доли
545	37	1	изменения
546	37	1	контроль
547	37	1	которую
548	37	1	кремлю
549	37	1	лнр
550	37	1	налогов
551	37	1	нее
552	37	1	огня
553	37	1	ограничения
554	37	1	основе
555	37	1	получила
556	37	1	реализации
557	37	1	сообщила
558	37	1	сообщили
559	37	1	спг
560	37	1	такого
561	37	1	утверждает
562	37	1	экспорта
563	36	1	арест
564	36	1	бирже
565	36	1	валюте
566	36	1	главы
567	36	1	куб
568	36	1	оппозиции
569	36	1	отношения
570	36	1	понедельник
571	36	1	прежде
572	36	1	прибыль
573	36	1	приходится
574	36	1	размер
575	36	1	руководству
576	36	1	своей
577	36	1	ситуацию
578	36	1	среду
579	36	1	сумму
580	36	1	трех
581	36	1	уголовного
582	36	1	указывает
583	36	1	уточнил
584	36	1	финансирования
585	36	1	число
586	35	1	большой
587	35	1	введения
588	35	1	газ
589	35	1	готов
590	35	1	инвестиции
591	35	1	интервью
592	35	1	иск
593	35	1	источника
594	35	1	источники
595	35	1	комиссии
596	35	1	компаниям
597	35	1	могли
598	35	1	момент
599	35	1	отношений
600	35	1	партия
601	35	1	поддержку
602	35	1	политике
603	35	1	премьер
604	35	1	снижения
605	35	1	совет
606	35	1	сразу
607	35	1	торгов
608	35	1	украинских
609	35	1	финансирование
610	35	1	член
611	34	1	акционеров
612	34	1	банкам
613	34	1	вряд
614	34	1	дмитрия
615	34	1	документ
616	34	1	завода
617	34	1	информацию
618	34	1	котором
619	34	1	крыму
620	34	1	много
621	34	1	населения
622	34	1	некоторых
623	34	1	необходимо
624	34	1	ниже
625	34	1	падение
626	34	1	путем
627	34	1	развитие
628	34	1	рспп
629	34	1	силу
630	34	1	стране
631	34	1	строительства
632	34	1	счета
633	34	1	тоже
634	34	1	украина
635	34	1	украинский
636	33	1	виде
637	33	1	встречи
638	33	1	действительно
639	33	1	дел
640	33	1	долг
641	33	1	евро
642	33	1	заместитель
643	33	1	китай
644	33	1	людей
645	33	1	наиболее
646	33	1	операции
647	33	1	производства
648	33	1	размере
649	33	1	региона
650	33	1	региональных
651	33	1	республики
652	33	1	свой
653	33	1	себе
654	33	1	технологий
655	33	1	товаров
656	33	1	чиновники
657	32	1	башнефть
658	32	1	безопасности
659	32	1	валюты
660	32	1	граждан
661	32	1	здесь
662	32	1	июне
663	32	1	кандидатов
664	32	1	квартале
665	32	1	конечно
666	32	1	крупные
667	32	1	месторождения
668	32	1	нового
669	32	1	объемы
670	32	1	остается
671	32	1	прошлого
672	32	1	прошлом
673	32	1	результаты
674	32	1	российским
675	32	1	росту
676	32	1	совещании
677	32	1	создание
678	32	1	создать
679	32	1	сотрудник
680	32	1	существенно
681	32	1	сценарий
682	32	1	увеличить
683	32	1	услуг
684	32	1	фактически
685	31	1	бывший
686	31	1	войны
687	31	1	встрече
688	31	1	данные
689	31	1	добавил
690	31	1	донбасса
691	31	1	итоге
692	31	1	мечел
693	31	1	министерства
694	31	1	нам
695	31	1	общей
696	31	1	одна
697	31	1	ополченцы
698	31	1	основном
699	31	1	основные
700	31	1	пенсии
701	31	1	повышение
702	31	1	правила
703	31	1	правления
704	31	1	предприятия
705	31	1	российском
706	31	1	свое
707	31	1	слишком
708	31	1	спрос
709	31	1	ст
710	31	1	участники
711	31	1	финансов
712	30	1	ареста
713	30	1	асв
714	30	1	властей
715	30	1	вполне
716	30	1	всей
717	30	1	голосов
718	30	1	деле
719	30	1	доходов
720	30	1	запрет
721	30	1	игоря
722	30	1	имеют
723	30	1	имущества
724	30	1	инфляция
725	30	1	крайне
726	30	1	луганской
727	30	1	люди
728	30	1	министр
729	30	1	ндс
730	30	1	первое
731	30	1	переговоров
732	30	1	планируется
733	30	1	поводу
734	30	1	позиции
735	30	1	пользу
736	30	1	продаже
737	30	1	рассказали
738	30	1	роль
739	30	1	ряд
740	30	1	силы
741	30	1	составит
742	30	1	стала
743	30	1	стоимости
744	30	1	суммы
745	30	1	уверен
746	30	1	участия
747	29	1	-х
748	29	1	автомобилей
749	29	1	агентство
750	29	1	алроса
751	29	1	банковской
752	29	1	донецкой
753	29	1	дополнительные
754	29	1	кредитования
755	29	1	лицензии
756	29	1	московского
757	29	1	ней
758	29	1	означает
759	29	1	органов
760	29	1	органы
761	29	1	палаты
762	29	1	партнер
763	29	1	получил
764	29	1	помимо
765	29	1	предоставить
766	29	1	приведет
767	29	1	привести
768	29	1	республик
769	29	1	решений
770	29	1	санкциями
771	29	1	смогут
772	29	1	сокращение
773	29	1	сообщении
774	29	1	состав
775	29	1	станет
776	29	1	статус
777	29	1	украинского
778	28	1	активно
779	28	1	вкладов
780	28	1	вокруг
781	28	1	впервые
782	28	1	гендиректор
783	28	1	границы
784	28	1	дней
785	28	1	европе
786	28	1	заемщиков
787	28	1	законопроекта
788	28	1	зампред
789	28	1	идея
790	28	1	компанию
791	28	1	курс
792	28	1	марте
793	28	1	медведева
794	28	1	мог
795	28	1	накануне
796	28	1	накопительной
797	28	1	налог
798	28	1	нем
799	28	1	октября
800	28	1	ответил
801	28	1	отчетности
802	28	1	первой
803	28	1	полномочий
804	28	1	полугодии
805	28	1	получили
806	28	1	пост
807	28	1	принадлежит
808	28	1	пять
809	28	1	режима
810	28	1	российская
811	28	1	рубль
812	28	1	следствия
813	28	1	сотрудников
814	28	1	сп
815	28	1	сфере
816	28	1	фас
817	28	1	финансового
818	28	1	финансовой
819	28	1	фнб
820	28	1	экспорт
821	27	1	администрации
822	27	1	апреле
823	27	1	ведомства
824	27	1	ведомство
825	27	1	вообще
826	27	1	выросли
827	27	1	госдуму
828	27	1	западных
829	27	1	затем
830	27	1	института
831	27	1	касается
832	27	1	мае
833	27	1	медведев
834	27	1	место
835	27	1	месяц
836	27	1	митрофанова
837	27	1	мосгордумы
838	27	1	найти
839	27	1	национального
840	27	1	национальной
841	27	1	нельзя
842	27	1	обсуждения
843	27	1	объема
844	27	1	объяснил
845	27	1	пенсионных
846	27	1	планирует
847	27	1	политических
848	27	1	привлечения
849	27	1	раньше
850	27	1	регионы
851	27	1	решить
852	27	1	сами
853	27	1	службы
854	27	1	снг
855	27	1	сроки
856	27	1	уголовное
857	27	1	ук
858	27	1	форуме
859	27	1	четыре
860	26	1	апреля
861	26	1	башкирии
862	26	1	ближайшее
863	26	1	валютные
864	26	1	втором
865	26	1	вшэ
866	26	1	годовых
867	26	1	действий
868	26	1	делу
869	26	1	единая
870	26	1	инфраструктуры
871	26	1	мер
872	26	1	момента
873	26	1	нагрузки
874	26	1	недели
875	26	1	необходимости
876	26	1	округе
877	26	1	плана
878	26	1	позицию
879	26	1	политику
880	26	1	помощь
881	26	1	принято
882	26	1	принять
883	26	1	проводить
884	26	1	промышленности
885	26	1	результат
886	26	1	рисков
887	26	1	соответственно
888	26	1	ссылкой
889	26	1	требования
890	26	1	участвовать
891	26	1	учетом
892	26	1	хотят
893	26	1	являются
894	25	1	аналитики
895	25	1	банках
896	25	1	бкс
897	25	1	весь
898	25	1	вместо
899	25	1	гораздо
900	25	1	замминистра
901	25	1	знакомый
902	25	1	кампании
903	25	1	км
904	25	1	кремля
905	25	1	крупнейших
906	25	1	курса
907	25	1	леонид
908	25	1	месяца
909	25	1	министра
910	25	1	ничего
911	25	1	отрасли
912	25	1	политические
913	25	1	политической
914	25	1	полномочия
915	25	1	поясняет
916	25	1	превышает
917	25	1	проблем
918	25	1	проекте
919	25	1	процесс
920	25	1	регионе
921	25	1	резко
922	25	1	россиян
923	25	1	следствие
924	25	1	сложности
925	25	1	событий
926	25	1	статусе
927	25	1	сторон
928	25	1	субботу
929	25	1	той
930	25	1	украиной
931	25	1	характер
932	25	1	членов
933	24	1	антон
934	24	1	банками
935	24	1	банку
936	24	1	бюджете
937	24	1	валютных
938	24	1	всем
939	24	1	высокой
940	24	1	департамента
941	24	1	доступ
942	24	1	имущество
943	24	1	китая
944	24	1	лдпр
945	24	1	линии
946	24	1	менять
947	24	1	мире
948	24	1	никаких
949	24	1	ними
950	24	1	новости
951	24	1	оборудования
952	24	1	обсе
953	24	1	общий
954	24	1	одним
955	24	1	организаций
956	24	1	основного
957	24	1	особенно
958	24	1	плюс
959	24	1	последний
960	24	1	проблема
961	24	1	рассуждает
962	24	1	рынках
963	24	1	рынков
964	24	1	своим
965	24	1	связанные
966	24	1	сделку
967	24	1	сектора
968	24	1	собой
969	24	1	создания
970	24	1	суде
971	24	1	условий
972	24	1	факт
973	24	1	финансовые
974	24	1	ходорковский
975	23	1	ассоциации
976	23	1	баррель
977	23	1	бизнесмена
978	23	1	быстро
979	23	1	валюту
980	23	1	вице-президент
981	23	1	вице-премьер
982	23	1	влияние
983	23	1	делать
984	23	1	депутата
985	23	1	десять
986	23	1	дивиденды
987	23	1	договорились
988	23	1	импорт
989	23	1	какие
990	23	1	кандидаты
991	23	1	конец
992	23	1	константин
993	23	1	концу
994	23	1	летом
995	23	1	меня
996	23	1	месторождений
997	23	1	наблюдателей
998	23	1	настоящее
999	23	1	невозможно
1000	23	1	никто
1001	23	1	новой
1002	23	1	общества
1003	23	1	осаго
1004	23	1	отсутствие
1005	23	1	пакета
1006	23	1	порядка
1007	23	1	поставку
1008	23	1	прав
1009	23	1	привлечь
1010	23	1	ресурсов
1011	23	1	роснано
1012	23	1	саммите
1013	23	1	самого
1014	23	1	сколько
1015	23	1	статуса
1016	23	1	торговли
1017	23	1	чуть
1018	23	1	шесть
1019	23	1	шос
1020	23	1	экономика
1021	23	1	экономике
1022	23	1	юкоса
1023	22	1	алексея
1024	22	1	бумаги
1025	22	1	ввести
1026	22	1	весной
1027	22	1	вести
1028	22	1	внешних
1029	22	1	вот
1030	22	1	губернатора
1031	22	1	две
1032	22	1	должности
1033	22	1	домашний
1034	22	1	журналистам
1035	22	1	залог
1036	22	1	заседание
1037	22	1	защиты
1038	22	1	инвесторы
1039	22	1	исходя
1040	22	1	количество
1041	22	1	компанией
1042	22	1	контроля
1043	22	1	легализации
1044	22	1	лидер
1045	22	1	машин
1046	22	1	минэнерго
1047	22	1	необходимость
1048	22	1	нпф
1049	22	1	объявил
1050	22	1	одном
1051	22	1	оказался
1052	22	1	операций
1053	22	1	оск
1054	22	1	отказаться
1055	22	1	письмо
1056	22	1	позиция
1057	22	1	политика
1058	22	1	помощи
1059	22	1	поправки
1060	22	1	потом
1061	22	1	почему
1062	22	1	правда
1063	22	1	предлагается
1064	22	1	предпринимателей
1065	22	1	причем
1066	22	1	пришлось
1067	22	1	провести
1068	22	1	продукции
1069	22	1	работа
1070	22	1	рассказывает
1071	22	1	регистрации
1072	22	1	реструктуризации
1073	22	1	сама
1074	22	1	связано
1075	22	1	сил
1076	22	1	соглашение
1077	22	1	спроса
1078	22	1	степени
1079	22	1	столько
1080	22	1	форума
1081	22	1	цель
1082	22	1	чего
1083	22	1	человека
1084	22	1	шохин
1085	21	1	авиакомпании
1086	21	1	большая
1087	21	1	версии
1088	21	1	влияния
1089	21	1	геополитической
1090	21	1	говорили
1091	21	1	группу
1092	21	1	депутаты
1093	21	1	документа
1094	21	1	доллар
1095	21	1	другим
1096	21	1	другими
1097	21	1	завод
1098	21	1	зюзина
1099	21	1	иметь
1100	21	1	механизм
1101	21	1	михаила
1102	21	1	начать
1103	21	1	нескольких
1104	21	1	новым
1105	21	1	обеспечить
1106	21	1	областей
1107	21	1	октябре
1108	21	1	организация
1109	21	1	особом
1110	21	1	отказались
1111	21	1	первую
1112	21	1	первые
1113	21	1	политического
1114	21	1	половины
1115	21	1	принял
1116	21	1	программы
1117	21	1	расти
1118	21	1	риа
1119	21	1	риск
1120	21	1	российскими
1121	21	1	самых
1122	21	1	сбербанк
1123	21	1	соглашения
1124	21	1	среднем
1125	21	1	такая
1126	21	1	татар
1127	21	1	топ-менеджер
1128	21	1	требует
1129	21	1	фоне
1130	21	1	хорошо
1131	21	1	числа
1132	21	1	эффект
1133	21	1	юрий
1134	20	1	вечером
1135	20	1	видимо
1136	20	1	внутри
1137	20	1	во-первых
1138	20	1	востоке
1139	20	1	впрочем
1140	20	1	дефицит
1141	20	1	дивидендов
1142	20	1	долгов
1143	20	1	должность
1144	20	1	европейских
1145	20	1	ей
1146	20	1	заявлял
1147	20	1	значит
1148	20	1	итар-тасс
1149	20	1	кандидата
1150	20	1	комментировать
1151	20	1	кризис
1152	20	1	лукойл
1153	20	1	лучше
1154	20	1	министерство
1155	20	1	многих
1156	20	1	можем
1157	20	1	назвал
1158	20	1	направлении
1159	20	1	нашей
1160	20	1	наших
1161	20	1	ндфл
1162	20	1	нему
1163	20	1	никогда
1164	20	1	нынешних
1165	20	1	облигаций
1166	20	1	обсуждение
1167	20	1	общая
1168	20	1	округ
1169	20	1	основным
1170	20	1	основных
1171	20	1	особый
1172	20	1	официальный
1173	20	1	первым
1174	20	1	перспективы
1175	20	1	показатель
1176	20	1	понятно
1177	20	1	последнее
1178	20	1	постановления
1179	20	1	пресечения
1180	20	1	пресс-секретарь
1181	20	1	приватизации
1182	20	1	примеру
1183	20	1	продать
1184	20	1	пунктов
1185	20	1	развитию
1186	20	1	рассмотрение
1187	20	1	рассчитывать
1188	20	1	решил
1189	20	1	свободы
1190	20	1	сделок
1191	20	1	середине
1192	20	1	сложно
1193	20	1	см
1194	20	1	совсем
1195	20	1	составлял
1196	20	1	сторону
1197	20	1	страна
1198	20	1	учитывая
1199	20	1	чиновников
1200	19	1	акционерам
1201	19	1	альянса
1202	19	1	бизнесмен
1203	19	1	будем
1204	19	1	вводить
1205	19	1	власть
1206	19	1	вновь
1207	19	1	военных
1208	19	1	воскресенье
1209	19	1	выплаты
1210	19	1	газета
1211	19	1	голос
1212	19	1	города
1213	19	1	да
1214	19	1	данных
1215	19	1	достаточности
1216	19	1	евгений
1217	19	1	жкх
1218	19	1	зависит
1219	19	1	заимствований
1220	19	1	законодательства
1221	19	1	заявила
1222	19	1	заявление
1223	19	1	инфляцию
1224	19	1	исключает
1225	19	1	киева
1226	19	1	компенсации
1227	19	1	кредитных
1228	19	1	мере
1229	19	1	начали
1230	19	1	новороссии
1231	19	1	общего
1232	19	1	ограничений
1233	19	1	освоения
1234	19	1	ответ
1235	19	1	открытие
1236	19	1	партнеры
1237	19	1	пенсионной
1238	19	1	планы
1239	19	1	повышать
1240	19	1	позволяет
1241	19	1	получит
1242	19	1	портфель
1243	19	1	потребителей
1244	19	1	права
1245	19	1	правительством
1246	19	1	представителей
1247	19	1	прекращении
1248	19	1	премьер-министр
1249	19	1	пресс-службе
1250	19	1	претензии
1251	19	1	проверки
1252	19	1	продолжает
1253	19	1	произошло
1254	19	1	путиным
1255	19	1	пытаются
1256	19	1	работе
1257	19	1	расследования
1258	19	1	рассчитывает
1259	19	1	расчеты
1260	19	1	ренессанс
1261	19	1	розничных
1262	19	1	российскую
1263	19	1	ряда
1264	19	1	саммита
1265	19	1	самой
1266	19	1	самолетов
1267	19	1	самопровозглашенных
1268	19	1	сечин
1269	19	1	сих
1270	19	1	следственного
1271	19	1	смогли
1272	19	1	старший
1273	19	1	странах
1274	19	1	страхования
1275	19	1	транснефти
1276	19	1	украинской
1277	19	1	участием
1278	19	1	фондов
1279	19	1	цитата
1280	19	1	юрист
1281	19	1	января
1282	18	1	акцию
1283	18	1	альфа-банка
1284	18	1	базе
1285	18	1	благодаря
1286	18	1	будущем
1287	18	1	бюро
1288	18	1	вагонов
1289	18	1	важно
1290	18	1	валерий
1291	18	1	вернуть
1292	18	1	внимание
1293	18	1	во-вторых
1294	18	1	всю
1295	18	1	высокий
1296	18	1	гражданской
1297	18	1	губернаторов
1298	18	1	дальше
1299	18	1	действие
1300	18	1	доход
1301	18	1	доходы
1302	18	1	думаю
1303	18	1	евросоюза
1304	18	1	зависимости
1305	18	1	задача
1306	18	1	запада
1307	18	1	зарубежных
1308	18	1	знает
1309	18	1	изменений
1310	18	1	импорта
1311	18	1	исэпи
1312	18	1	киев
1313	18	1	комплекса
1314	18	1	мне
1315	18	1	налоговых
1316	18	1	напоминает
1317	18	1	насколько
1318	18	1	нефтяных
1319	18	1	николай
1320	18	1	новое
1321	18	1	новую
1322	18	1	одно
1323	18	1	округах
1324	18	1	онф
1325	18	1	основная
1326	18	1	ответственности
1327	18	1	отделения
1328	18	1	относительно
1329	18	1	отношениях
1330	18	1	оценивает
1331	18	1	пенсионного
1332	18	1	платить
1333	18	1	поддерживает
1334	18	1	подтверждает
1335	18	1	полугодие
1336	18	1	последствия
1337	18	1	правило
1338	18	1	правительству
1339	18	1	предправления
1340	18	1	принят
1341	18	1	процесса
1342	18	1	резервов
1343	18	1	решено
1344	18	1	сергея
1345	18	1	силуанов
1346	18	1	скр
1347	18	1	собирается
1348	18	1	совещания
1349	18	1	составить
1350	18	1	ставка
1351	18	1	такую
1352	18	1	тарифы
1353	18	1	федеральный
1354	18	1	федерации
1355	18	1	ходорковского
1356	18	1	цели
1357	18	1	целью
1358	17	1	авторов
1359	17	1	адвокат
1360	17	1	американских
1361	17	1	андреев
1362	17	1	андрея
1363	17	1	арбитражный
1364	17	1	банком
1365	17	1	ближайшие
1366	17	1	близких
1367	17	1	бумаг
1368	17	1	бывшего
1369	17	1	варианты
1370	17	1	вклады
1371	17	1	включая
1372	17	1	владимиром
1373	17	1	вопроса
1374	17	1	вопросам
1375	17	1	входят
1376	17	1	выглядит
1377	17	1	вырос
1378	17	1	выросла
1379	17	1	газпромбанка
1380	17	1	гражданского
1381	17	1	дать
1382	17	1	добиться
1383	17	1	договоренности
1384	17	1	документе
1385	17	1	долларах
1386	17	1	донбассе
1387	17	1	дополнительно
1388	17	1	дополнительных
1389	17	1	европы
1390	17	1	ждать
1391	17	1	задолженности
1392	17	1	закону
1393	17	1	информация
1394	17	1	иска
1395	17	1	июня
1396	17	1	каждый
1397	17	1	какой
1398	17	1	коломойского
1399	17	1	левин
1400	17	1	ликвидности
1401	17	1	марта
1402	17	1	мнения
1403	17	1	могла
1404	17	1	налоговые
1405	17	1	напрямую
1406	17	1	нарушения
1407	17	1	находятся
1408	17	1	начальник
1409	17	1	независимости
1410	17	1	новая
1411	17	1	норникеля
1412	17	1	обязательств
1413	17	1	ослабление
1414	17	1	отдельных
1415	17	1	партий
1416	17	1	по-прежнему
1417	17	1	подчеркнул
1418	17	1	половине
1419	17	1	положение
1420	17	1	понять
1421	17	1	предложил
1422	17	1	прекращение
1423	17	1	премьера
1424	17	1	пресс-служба
1425	17	1	проведение
1426	17	1	проведения
1427	17	1	работают
1428	17	1	равно
1429	17	1	районов
1430	17	1	растет
1431	17	1	режим
1432	17	1	рейтинг
1433	17	1	реформы
1434	17	1	риска
1435	17	1	российское
1436	17	1	рубежом
1437	17	1	рублях
1438	17	1	самый
1439	17	1	сборов
1440	17	1	сентябре
1441	17	1	следующем
1442	17	1	слова
1443	17	1	события
1444	17	1	соглашается
1445	17	1	создании
1446	17	1	соответствии
1447	17	1	составе
1448	17	1	составила
1449	17	1	составили
1450	17	1	срока
1451	17	1	страховой
1452	17	1	структуры
1453	17	1	сценарию
1454	17	1	считать
1455	17	1	тарифов
1456	17	1	темпы
1457	17	1	техники
1458	17	1	улюкаев
1459	17	1	уточняет
1460	17	1	ущерба
1461	17	1	формально
1462	17	1	хочет
1463	16	1	абэ
1464	16	1	блоке
1465	16	1	большим
1466	16	1	борьбе
1467	16	1	вадим
1468	16	1	вероятно
1469	16	1	взаимодействия
1470	16	1	виктор
1471	16	1	вопросов
1472	16	1	восемь
1473	16	1	выручка
1474	16	1	генеральный
1475	16	1	губернатор
1476	16	1	д
1477	16	1	давно
1478	16	1	движения
1479	16	1	деловой
1480	16	1	директора
1481	16	1	добычи
1482	16	1	довольно
1483	16	1	докладе
1484	16	1	другого
1485	16	1	европейские
1486	16	1	евтушенкову
1487	16	1	зарплаты
1488	16	1	заседания
1489	16	1	значительно
1490	16	1	интерес
1491	16	1	ирана
1492	16	1	истории
1493	16	1	источников
1494	16	1	коррупции
1495	16	1	которому
1496	16	1	кредита
1497	16	1	кредитный
1498	16	1	крымских
1499	16	1	леонида
1500	16	1	лидеров
1501	16	1	мандатов
1502	16	1	международного
1503	16	1	международных
1504	16	1	мера
1505	16	1	москву
1506	16	1	налоги
1507	16	1	никакого
1508	16	1	ннк
1509	16	1	новом
1510	16	1	ноябре
1511	16	1	ноября
1512	16	1	нпз
1513	16	1	оао
1514	16	1	обращения
1515	16	1	объемов
1516	16	1	ограничение
1517	16	1	одному
1518	16	1	оказаться
1519	16	1	окончательно
1520	16	1	особого
1521	16	1	оставшиеся
1522	16	1	ответственность
1523	16	1	отказ
1524	16	1	отмечают
1525	16	1	оттока
1526	16	1	парламент
1527	16	1	парламента
1528	16	1	перспективе
1529	16	1	пишет
1530	16	1	платежей
1531	16	1	поддержке
1532	16	1	потери
1533	16	1	появилась
1534	16	1	правилам
1535	16	1	предложений
1536	16	1	предполагается
1537	16	1	принятия
1538	16	1	происходит
1539	16	1	просьбой
1540	16	1	пункта
1541	16	1	путину
1542	16	1	ра
1543	16	1	районе
1544	16	1	расчетов
1545	16	1	сказали
1546	16	1	собеседников
1547	16	1	сотрудничества
1548	16	1	сохранение
1549	16	1	сохранить
1550	16	1	сочи
1551	16	1	страховых
1552	16	1	счетов
1553	16	1	технологии
1554	16	1	тихомиров
1555	16	1	требований
1556	16	1	трудно
1557	16	1	убытки
1558	16	1	убыток
1559	16	1	увеличения
1560	16	1	федеральной
1561	16	1	фонды
1562	16	1	частные
1563	16	1	экономику
1564	16	1	экономических
1565	15	1	-м
1566	15	1	акциями
1567	15	1	александра
1568	15	1	альфа-банк
1569	15	1	банкиры
1570	15	1	благосостояния
1571	15	1	большую
1572	15	1	валютой
1573	15	1	владеет
1574	15	1	властям
1575	15	1	властями
1576	15	1	военные
1577	15	1	второго
1578	15	1	входит
1579	15	1	выбор
1580	15	1	выплат
1581	15	1	вэба
1582	15	1	государственной
1583	15	1	группе
1584	15	1	дает
1585	15	1	данный
1586	15	1	деньгами
1587	15	1	доллара
1588	15	1	домашнего
1589	15	1	доступа
1590	15	1	единороссов
1591	15	1	единороссы
1592	15	1	жизни
1593	15	1	задолженность
1594	15	1	законом
1595	15	1	западом
1596	15	1	заплатить
1597	15	1	запрещено
1598	15	1	интерфакс
1599	15	1	использование
1600	15	1	кого
1601	15	1	контракта
1602	15	1	контрольный
1603	15	1	крае
1604	15	1	кремле
1605	15	1	кузьмин
1606	15	1	лица
1607	15	1	любой
1608	15	1	мало
1609	15	1	марш
1610	15	1	мероприятия
1611	15	1	мнение
1612	15	1	моя
1613	15	1	наблюдатели
1614	15	1	накоплений
1615	15	1	направления
1616	15	1	напротив
1617	15	1	никак
1618	15	1	нужна
1619	15	1	нынешней
1620	15	1	оба
1621	15	1	облигации
1622	15	1	обращение
1623	15	1	обсуждали
1624	15	1	объеме
1625	15	1	объясняют
1626	15	1	одновременно
1627	15	1	ожидать
1628	15	1	оценке
1629	15	1	очевидно
1630	15	1	пассажиров
1631	15	1	поддерживать
1632	15	1	покупке
1633	15	1	политическая
1634	15	1	помощью
1635	15	1	поставить
1636	15	1	постепенно
1637	15	1	появились
1638	15	1	прекращения
1639	15	1	пресс-службы
1640	15	1	программа
1641	15	1	просит
1642	15	1	разделе
1643	15	1	размещения
1644	15	1	рассматривать
1645	15	1	регулятор
1646	15	1	резервы
1647	15	1	руководители
1648	15	1	рынки
1649	15	1	сигнал
1650	15	1	следователь
1651	15	1	снизить
1652	15	1	собственности
1653	15	1	собственных
1654	15	1	соответствует
1655	15	1	сотрудничество
1656	15	1	становится
1657	15	1	статьи
1658	15	1	стороной
1659	15	1	считается
1660	15	1	топлива
1661	15	1	управляющий
1662	15	1	уралсиб
1663	15	1	услуги
1664	15	1	участках
1665	15	1	участков
1666	15	1	ущерб
1667	15	1	феврале
1668	15	1	финансовый
1669	15	1	центрального
1670	15	1	частично
1671	15	1	часто
1672	15	1	четырех
1673	15	1	члены
1674	15	1	шаг
1675	14	1	актив
1676	14	1	банкир
1677	14	1	бизнесу
1678	14	1	блока
1679	14	1	бороться
1680	14	1	бюджетное
1681	14	1	бюджетных
1682	14	1	ведь
1683	14	1	вероятность
1684	14	1	вице-премьера
1685	14	1	владельца
1686	14	1	выборам
1687	14	1	выйти
1688	14	1	генпрокуратура
1689	14	1	госбанков
1690	14	1	госдуме
1691	14	1	губернаторы
1692	14	1	дальнейшем
1693	14	1	дефицита
1694	14	1	дискуссии
1695	14	1	допэмиссии
1696	14	1	дороги
1697	14	1	досрочно
1698	14	1	занимать
1699	14	1	западные
1700	14	1	заявили
1701	14	1	зоны
1702	14	1	избирательных
1703	14	1	издержки
1704	14	1	информационной
1705	14	1	история
1706	14	1	качество
1707	14	1	клиенты
1708	14	1	конкретных
1709	14	1	кредиторов
1710	14	1	крупный
1711	14	1	максим
1712	14	1	минимум
1713	14	1	многом
1714	14	1	могло
1715	14	1	назначен
1716	14	1	накопительного
1717	14	1	налогового
1718	14	1	наталья
1719	14	1	наши
1720	14	1	негативный
1721	14	1	недостаточно
1722	14	1	неоднократно
1723	14	1	нефтесервисных
1724	14	1	новатэк
1725	14	1	обороны
1726	14	1	ольга
1727	14	1	омк
1728	14	1	ополченцев
1729	14	1	останется
1730	14	1	отличие
1731	14	1	официально
1732	14	1	парка
1733	14	1	партнера
1734	14	1	пгк
1735	14	1	пенсионные
1736	14	1	первая
1737	14	1	петр
1738	14	1	письме
1739	14	1	поддерживают
1740	14	1	полгода
1741	14	1	политическим
1742	14	1	получать
1743	14	1	поправок
1744	14	1	постоянно
1745	14	1	постоянной
1746	14	1	потенциал
1747	14	1	президенту
1748	14	1	приводит
1749	14	1	проведении
1750	14	1	производство
1751	14	1	прошлый
1752	14	1	пути
1753	14	1	путь
1754	14	1	пфр
1755	14	1	рассмотреть
1756	14	1	рахимова
1757	14	1	рефинансирования
1758	14	1	решать
1759	14	1	руководителя
1760	14	1	рфпи
1761	14	1	самом
1762	14	1	сборы
1763	14	1	середины
1764	14	1	серьезно
1765	14	1	сибири
1766	14	1	сильно
1767	14	1	сказано
1768	14	1	случаях
1769	14	1	смог
1770	14	1	создает
1771	14	1	сокращения
1772	14	1	сообщает
1773	14	1	сообщило
1774	14	1	способствовать
1775	14	1	сроков
1776	14	1	стратегии
1777	14	1	стратегия
1778	14	1	судов
1779	14	1	сценария
1780	14	1	текущей
1781	14	1	тимченко
1782	14	1	указал
1783	14	1	урала
1784	14	1	ухудшения
1785	14	1	фондирования
1786	14	1	хкф
1787	14	1	центр
1788	14	1	центре
1789	14	1	цену
1790	14	1	цкад
1791	14	1	ч
1792	14	1	чистый
1793	14	1	шести
1794	14	1	эсэров
1795	14	1	эффективности
1796	13	1	авиакомпания
1797	13	1	акционер
1798	13	1	альянс
1799	13	1	ассоциация
1800	13	1	аэрофлота
1801	13	1	василия
1802	13	1	ведет
1803	13	1	ведомости
1804	13	1	вернуться
1805	13	1	весьма
1806	13	1	виктора
1807	13	1	военного
1808	13	1	возможностей
1809	13	1	войск
1810	13	1	выплатить
1811	13	1	групп
1812	13	1	давление
1813	13	1	дворковича
1814	13	1	декабря
1815	13	1	делам
1816	13	1	динамика
1817	13	1	договоров
1818	13	1	документы
1819	13	1	долларов
1820	13	1	елена
1821	13	1	жалобы
1822	13	1	зависимость
1823	13	1	задач
1824	13	1	зоне
1825	13	1	идти
1826	13	1	идут
1827	13	1	изменить
1828	13	1	инвестиционной
1829	13	1	инициативы
1830	13	1	иной
1831	13	1	интересов
1832	13	1	искать
1833	13	1	использования
1834	13	1	кирилл
1835	13	1	китаем
1836	13	1	клиентами
1837	13	1	коломойский
1838	13	1	коммунисты
1839	13	1	копия
1840	13	1	костин
1841	13	1	лукойла
1842	13	1	максимально
1843	13	1	малофеева
1844	13	1	международной
1845	13	1	международные
1846	13	1	митрофанов
1847	13	1	московский
1848	13	1	мэрии
1849	13	1	налоговая
1850	13	1	наоборот
1851	13	1	направить
1852	13	1	наш
1853	13	1	непосредственно
1854	13	1	норматив
1855	13	1	нынешнего
1856	13	1	обеспечения
1857	13	1	обмен
1858	13	1	обмена
1859	13	1	образования
1860	13	1	обратиться
1861	13	1	обслуживание
1862	13	1	объединения
1863	13	1	одну
1864	13	1	оппозиция
1865	13	1	опрошенные
1866	13	1	освобождении
1867	13	1	осталось
1868	13	1	остальных
1869	13	1	ответили
1870	13	1	открытая
1871	13	1	отношение
1872	13	1	партнеров
1873	13	1	планировалось
1874	13	1	платежи
1875	13	1	подготовки
1876	13	1	поднять
1877	13	1	пойдет
1878	13	1	показатели
1879	13	1	покупку
1880	13	1	полугодия
1881	13	1	помощник
1882	13	1	попал
1883	13	1	последних
1884	13	1	потребуется
1885	13	1	предусматривает
1886	13	1	привлекать
1887	13	1	прийти
1888	13	1	принятие
1889	13	1	причиной
1890	13	1	причины
1891	13	1	проблему
1892	13	1	продавать
1893	13	1	продолжать
1894	13	1	процентов
1895	13	1	процессе
1896	13	1	работников
1897	13	1	районах
1898	13	1	рассказывал
1899	13	1	расширение
1900	13	1	расширения
1901	13	1	регионального
1902	13	1	регулятора
1903	13	1	ресурсы
1904	13	1	росте
1905	13	1	ру
1906	13	1	рублей
1907	13	1	самопровозглашенной
1908	13	1	самым
1909	13	1	санкт-петербурге
1910	13	1	санкционный
1911	13	1	сведений
1912	13	1	свыше
1913	13	1	следствием
1914	13	1	собственные
1915	13	1	сожалению
1916	13	1	созыва
1917	13	1	сообщений
1918	13	1	состава
1919	13	1	состояние
1920	13	1	состоянию
1921	13	1	союза
1922	13	1	спикер
1923	13	1	спикера
1924	13	1	сроком
1925	13	1	ставке
1926	13	1	стимулировать
1927	13	1	сути
1928	13	1	текущего
1929	13	1	текущем
1930	13	1	тема
1931	13	1	территорий
1932	13	1	уплаты
1933	13	1	управление
1934	13	1	урегулирования
1935	13	1	участки
1936	13	1	финансовом
1937	13	1	фнс
1938	13	1	ход
1939	13	1	хотели
1940	13	1	экономисты
1941	13	1	явка
1942	12	1	-й
1943	12	1	агитации
1944	12	1	активности
1945	12	1	акционера
1946	12	1	акционеры
1947	12	1	акция
1948	12	1	американской
1949	12	1	армии
1950	12	1	близкие
1951	12	1	блок
1952	12	1	большое
1953	12	1	борьбы
1954	12	1	быстрого
1955	12	1	бюджетов
1956	12	1	валютной
1957	12	1	вдвое
1958	12	1	великого
1959	12	1	владелец
1960	12	1	внести
1961	12	1	внутреннего
1962	12	1	внутренних
1963	12	1	военной
1964	12	1	вопросу
1965	12	1	востока
1966	12	1	восточной
1967	12	1	встреча
1968	12	1	вызывает
1969	12	1	выражении
1970	12	1	выступает
1971	12	1	вэб
1972	12	1	говорилось
1973	12	1	говоря
1974	12	1	годом
1975	12	1	госкомпании
1976	12	1	государственного
1977	12	1	государственных
1978	12	1	границу
1979	12	1	греф
1980	12	1	дальнего
1981	12	1	десяти
1982	12	1	документов
1983	12	1	досрочного
1984	12	1	другая
1985	12	1	другом
1986	12	1	единственный
1987	12	1	единственным
1988	12	1	желание
1989	12	1	жителей
1990	12	1	занимает
1991	12	1	зао
1992	12	1	запрета
1993	12	1	зарплат
1994	12	1	затрат
1995	12	1	затраты
1996	12	1	защиту
1997	12	1	идеи
1998	12	1	избежать
1999	12	1	изменение
2000	12	1	изначально
2001	12	1	иначе
2002	12	1	инвесторам
2003	12	1	индексация
2004	12	1	инструмент
2005	12	1	ирина
2006	12	1	исследований
2007	12	1	качества
2008	12	1	ключевой
2009	12	1	ключевых
2010	12	1	комментирует
2011	12	1	кремль
2012	12	1	крупнейшие
2013	12	1	крупным
2014	12	1	лицензий
2015	12	1	лично
2016	12	1	лондоне
2017	12	1	любом
2018	12	1	малофеев
2019	12	1	машины
2020	12	1	международный
2021	12	1	международным
2022	12	1	местных
2023	12	1	минприроды
2024	12	1	мнением
2025	12	1	мосгордуму
2026	12	1	назначения
2027	12	1	налоговый
2028	12	1	налогу
2029	12	1	народных
2030	12	1	начал
2031	12	1	непонятно
2032	12	1	ныне
2033	12	1	обвинение
2034	12	1	обвинения
2035	12	1	областях
2036	12	1	обсуждалась
2037	12	1	объемах
2038	12	1	объяснял
2039	12	1	обязательства
2040	12	1	округа
2041	12	1	остался
2042	12	1	ответа
2043	12	1	отделений
2044	12	1	отлк
2045	12	1	отток
2046	12	1	отчете
2047	12	1	офз
2048	12	1	офисе
2049	12	1	оценка
2050	12	1	оценку
2051	12	1	падения
2052	12	1	параметры
2053	12	1	передачи
2054	12	1	перемирие
2055	12	1	переход
2056	12	1	петра
2057	12	1	победу
2058	12	1	поводом
2059	12	1	подготовить
2060	12	1	поддержали
2061	12	1	поддержать
2062	12	1	поддержка
2063	12	1	показывает
2064	12	1	покупать
2065	12	1	полагают
2066	12	1	попытки
2067	12	1	посткрымская
2068	12	1	поток
2069	12	1	потребительских
2070	12	1	потребительского
2071	12	1	предположить
2072	12	1	премьер-министра
2073	12	1	признает
2074	12	1	принимать
2075	12	1	принятый
2076	12	1	прироста
2077	12	1	пришли
2078	12	1	прогноза
2079	12	1	прогнозирует
2080	12	1	продуктов
2081	12	1	прошли
2082	12	1	пункт
2083	12	1	пытается
2084	12	1	пяти
2085	12	1	работал
2086	12	1	разговоре
2087	12	1	разных
2088	12	1	рассказывали
2089	12	1	режиме
2090	12	1	решению
2091	12	1	рос
2092	12	1	ростом
2093	12	1	руководства
2094	12	1	русского
2095	12	1	самое
2096	12	1	связанных
2097	12	1	связаны
2098	12	1	северсталь
2099	12	1	семи
2100	12	1	сказала
2101	12	1	сказать
2102	12	1	следственный
2103	12	1	следствию
2104	12	1	следующий
2105	12	1	служба
2106	12	1	случай
2107	12	1	смысле
2108	12	1	сначала
2109	12	1	совершенно
2110	12	1	советник
2111	12	1	совпадать
2112	12	1	согласен
2113	12	1	согласовать
2114	12	1	сократить
2115	12	1	сообщения
2116	12	1	сопредседатель
2117	12	1	сторонников
2118	12	1	странами
2119	12	1	страну
2120	12	1	судебные
2121	12	1	таком
2122	12	1	товары
2123	12	1	топ-
2124	12	1	точно
2125	12	1	третий
2126	12	1	труб
2127	12	1	труда
2128	12	1	угрозу
2129	12	1	удастся
2130	12	1	украинские
2131	12	1	условии
2132	12	1	установить
2133	12	1	участник
2134	12	1	факту
2135	12	1	фракций
2136	12	1	фракция
2137	12	1	холдинга
2138	12	1	хуже
2139	12	1	шансы
2140	12	1	шельфе
2141	12	1	школы
2142	12	1	экономические
2143	12	1	электроэнергии
2144	12	1	эмбарго
2145	12	1	этапе
2146	12	1	яблока
2147	12	1	яценюк
2148	11	1	авиакомпаний
2149	11	1	администрация
2150	11	1	адрес
2151	11	1	азии
2152	11	1	акционером
2153	11	1	американским
2154	11	1	анализа
2155	11	1	аналогичный
2156	11	1	базовый
2157	11	1	базы
2158	11	1	бизнесом
2159	11	1	большие
2160	11	1	борис
2161	11	1	бюджетного
2162	11	1	варианта
2163	11	1	вариантов
2164	11	1	введении
2165	11	1	великобритании
2166	11	1	взгляд
2167	11	1	видим
2168	11	1	видит
2169	11	1	включения
2170	11	1	влиять
2171	11	1	внес
2172	11	1	внешние
2173	11	1	возможным
2174	11	1	времена
2175	11	1	врио
2176	11	1	вывести
2177	11	1	вывод
2178	11	1	вынуждены
2179	11	1	выступал
2180	11	1	газеты
2181	11	1	газового
2182	11	1	главного
2183	11	1	главным
2184	11	1	голодец
2185	11	1	голосование
2186	11	1	городе
2187	11	1	государству
2188	11	1	готова
2189	11	1	давления
2190	11	1	даст
2191	11	1	действовать
2192	11	1	декабре
2193	11	1	денежных
2194	11	1	дни
2195	11	1	договор
2196	11	1	договориться
2197	11	1	документу
2198	11	1	долги
2199	11	1	долгое
2200	11	1	европейского
2201	11	1	законодательству
2202	11	1	законы
2203	11	1	записке
2204	11	1	защите
2205	11	1	знают
2206	11	1	игроки
2207	11	1	идей
2208	11	1	избираться
2209	11	1	издержек
2210	11	1	инициатив
2211	11	1	иностранной
2212	11	1	иностранным
2213	11	1	институт
2214	11	1	интерфаксу
2215	11	1	исключения
2216	11	1	итоги
2217	11	1	канады
2218	11	1	квартала
2219	11	1	кодекса
2220	11	1	комиссия
2221	11	1	компаниях
2222	11	1	комплекс
2223	11	1	конвертировать
2224	11	1	конкурса
2225	11	1	констатирует
2226	11	1	конфискация
2227	11	1	конфликт
2228	11	1	кредитной
2229	11	1	кредиторами
2230	11	1	кредиту
2231	11	1	крупнейшим
2232	11	1	куда
2233	11	1	мероприятие
2234	11	1	местного
2235	11	1	мин
2236	11	1	мир
2237	11	1	миру
2238	11	1	модели
2239	11	1	мсфо
2240	11	1	надзора
2241	11	1	налогам
2242	11	1	намерен
2243	11	1	написал
2244	11	1	нарушение
2245	11	1	наступления
2246	11	1	начнет
2247	11	1	начнется
2248	11	1	недвижимости
2249	11	1	образованию
2250	11	1	общественной
2251	11	1	обычно
2252	11	1	ожидается
2253	11	1	окажется
2254	11	1	оказались
2255	11	1	оказалось
2256	11	1	олега
2257	11	1	омс
2258	11	1	операторов
2259	11	1	опрошенных
2260	11	1	орлова
2261	11	1	оснований
2262	11	1	отдельные
2263	11	1	открытой
2264	11	1	отчетность
2265	11	1	очередной
2266	11	1	пересмотреть
2267	11	1	петров
2268	11	1	платформы
2269	11	1	повышении
2270	11	1	подготовке
2271	11	1	подписал
2272	11	1	пожалов
2273	11	1	позволяют
2274	11	1	позиций
2275	11	1	полном
2276	11	1	пользоваться
2277	11	1	портфеля
2278	11	1	порядке
2279	11	1	поста
2280	11	1	правоохранительных
2281	11	1	практике
2282	11	1	практики
2283	11	1	предпринимателя
2284	11	1	председателем
2285	11	1	предстоит
2286	11	1	привел
2287	11	1	провел
2288	11	1	прогнозу
2289	11	1	прогнозы
2290	11	1	проголосовали
2291	11	1	программу
2292	11	1	прокуратуры
2293	11	1	промышленность
2294	11	1	протяжении
2295	11	1	прохорова
2296	11	1	прямо
2297	11	1	рады
2298	11	1	растут
2299	11	1	региональные
2300	11	1	регионам
2301	11	1	регламенту
2302	11	1	регулирования
2303	11	1	редакции
2304	11	1	республика
2305	11	1	республике
2306	11	1	руководителей
2307	11	1	руководством
2308	11	1	рыночной
2309	11	1	само
2310	11	1	самолеты
2311	11	1	самостоятельно
2312	11	1	сбор
2313	11	1	своими
2314	11	1	святителя
2315	11	1	сделал
2316	11	1	семь
2317	11	1	семьи
2318	11	1	серьезные
2319	11	1	сечина
2320	11	1	системой
2321	11	1	слышал
2322	11	1	снижением
2323	11	1	снизился
2324	11	1	собеседника
2325	11	1	собеседники
2326	11	1	сообщал
2327	11	1	сотрудники
2328	11	1	социальных
2329	11	1	списке
2330	11	1	справедливой
2331	11	1	станут
2332	11	1	столь
2333	11	1	структур
2334	11	1	судом
2335	11	1	суды
2336	11	1	существует
2337	11	1	сценариев
2338	11	1	текущих
2339	11	1	территорию
2340	11	1	токио
2341	11	1	точка
2342	11	1	требованиям
2343	11	1	уверяет
2344	11	1	уголовные
2345	11	1	уголовных
2346	11	1	указано
2347	11	1	упали
2348	11	1	учения
2349	11	1	факторами
2350	11	1	фронта
2351	11	1	ценностей
2352	11	1	центробанка
2353	11	1	цик
2354	11	1	чаще
2355	11	1	чьи
2356	11	1	штаба
2357	11	1	штрафы
2358	11	1	экономическим
2359	11	1	экспобанк
2360	11	1	энергетики
2361	11	1	эффективность
2362	11	1	юридических
2363	11	1	якутии
2364	11	1	январе
2365	10	1	-го
2366	10	1	адвокатов
2367	10	1	акционерами
2368	10	1	алтай
2369	10	1	андреева
2370	10	1	антитеррористической
2371	10	1	арестом
2372	10	1	балтийского
2373	10	1	банкротства
2374	10	1	большей
2375	10	1	большинства
2376	10	1	большинстве
2377	10	1	борьба
2378	10	1	бюджетном
2379	10	1	валют
2380	10	1	валютного
2381	10	1	валютным
2382	10	1	взносов
2383	10	1	визита
2384	10	1	включение
2385	10	1	владислав
2386	10	1	влияет
2387	10	1	внутренние
2388	10	1	возглавляет
2389	10	1	возглавлял
2390	10	1	возраста
2391	10	1	вопреки
2392	10	1	восстановления
2393	10	1	встречу
2394	10	1	вступления
2395	10	1	выделить
2396	10	1	вынужден
2397	10	1	вырастет
2398	10	1	высоких
2399	10	1	газпромбанк
2400	10	1	генпрокуратуры
2401	10	1	геополитическая
2402	10	1	главой
2403	10	1	голоса
2404	10	1	государственные
2405	10	1	государством
2406	10	1	готовность
2407	10	1	границей
2408	10	1	губернаторам
2409	10	1	губернаторских
2410	10	1	дальнейшего
2411	10	1	делает
2412	10	1	денежном
2413	10	1	депозитов
2414	10	1	депозиты
2415	10	1	доверия
2416	10	1	доказать
2417	10	1	долго
2418	10	1	донбасс
2419	10	1	донецка
2420	10	1	донецком
2421	10	1	дочки
2422	10	1	европу
2423	10	1	железной
2424	10	1	зависеть
2425	10	1	замдиректора
2426	10	1	занимается
2427	10	1	заниматься
2428	10	1	занять
2429	10	1	заявления
2430	10	1	значение
2431	10	1	значительная
2432	10	1	идею
2433	10	1	из-под
2434	10	1	имел
2435	10	1	инвестиционного
2436	10	1	инициативу
2437	10	1	иностранного
2438	10	1	инструменты
2439	10	1	интервенций
2440	10	1	интересы
2441	10	1	иран
2442	10	1	ищет
2443	10	1	кажется
2444	10	1	какие-то
2445	10	1	кгн
2446	10	1	киевом
2447	10	1	китайских
2448	10	1	клиента
2449	10	1	кодекс
2450	10	1	комиссий
2451	10	1	компенсировать
2452	10	1	конъюнктуры
2453	10	1	корпоративным
2454	10	1	корпоративных
2455	10	1	кредитование
2456	10	1	левина
2457	10	1	лидера
2458	10	1	лидеры
2459	10	1	лишился
2460	10	1	марша
2461	10	1	мая
2462	10	1	меморандум
2463	10	1	мероприятий
2464	10	1	мест
2465	10	1	минске
2466	10	1	монополии
2467	10	1	моря
2468	10	1	мрск
2469	10	1	муниципальных
2470	10	1	наблюдается
2471	10	1	набор
2472	10	1	нагрузку
2473	10	1	назвать
2474	10	1	направлен
2475	10	1	напряженности
2476	10	1	наша
2477	10	1	ндпи
2478	10	1	небольшие
2479	10	1	негативно
2480	10	1	недавно
2481	10	1	новому
2482	10	1	носит
2483	10	1	нужны
2484	10	1	область
2485	10	1	обществе
2486	10	1	общественного
2487	10	1	общество
2488	10	1	обязанности
2489	10	1	ожидает
2490	10	1	оказывать
2491	10	1	ополченцам
2492	10	1	оппонентов
2493	10	1	опыт
2494	10	1	орлов
2495	10	1	орс
2496	10	1	осенью
2497	10	1	основан
2498	10	1	особо
2499	10	1	остаются
2500	10	1	отключения
2501	10	1	отмены
2502	10	1	оценкам
2503	10	1	павел
2504	10	1	партнерства
2505	10	1	первых
2506	10	1	перевозок
2507	10	1	передает
2508	10	1	поддержал
2509	10	1	подержанных
2510	10	1	позже
2511	10	1	пойдут
2512	10	1	показателей
2513	10	1	покупки
2514	10	1	положения
2515	10	1	получает
2516	10	1	пообещал
2517	10	1	попросил
2518	10	1	потеряли
2519	10	1	правил
2520	10	1	праймериз
2521	10	1	предложено
2522	10	1	предоставления
2523	10	1	предприятие
2524	10	1	представителя
2525	10	1	предупреждает
2526	10	1	преступным
2527	10	1	прибыли
2528	10	1	примут
2529	10	1	причин
2530	10	1	проверить
2531	10	1	продолжения
2532	10	1	продолжит
2533	10	1	прямых
2534	10	1	публикуются
2535	10	1	публично
2536	10	1	размещение
2537	10	1	района
2538	10	1	рашкин
2539	10	1	реакция
2540	10	1	рейтинги
2541	10	1	репо
2542	10	1	розничного
2543	10	1	романчук
2544	10	1	российскому
2545	10	1	рса
2546	10	1	саммит
2547	10	1	санкт-петербурга
2548	10	1	сахалин-
2549	10	1	связаться
2550	10	1	сделка
2551	10	1	секторе
2552	10	1	сети
2553	10	1	следователи
2554	10	1	смогла
2555	10	1	смысла
2556	10	1	снижению
2557	10	1	совладелец
2558	10	1	создавать
2559	10	1	сократились
2560	10	1	сокращению
2561	10	1	сославшись
2562	10	1	составило
2563	10	1	составляют
2564	10	1	состояться
2565	10	1	сотни
2566	10	1	сотрудничать
2567	10	1	сохранения
2568	10	1	средняя
2569	10	1	стадии
2570	10	1	судья
2571	10	1	сценарии
2572	10	1	толоконского
2573	10	1	традиционно
2574	10	1	транспорта
2575	10	1	требуют
2576	10	1	треть
2577	10	1	удар
2578	10	1	уровнем
2579	10	1	уставный
2580	10	1	ухудшение
2581	10	1	участка
2582	10	1	фактор
2583	10	1	физических
2584	10	1	финансовым
2585	10	1	функции
2586	10	1	хватает
2587	10	1	ходом
2588	10	1	хотел
2589	10	1	цистерн
2590	10	1	чмк
2591	10	1	экономический
2592	10	1	юго-востоке
2593	10	1	явно
2594	10	1	якобы
2595	10	1	якунин
2596	10	1	ямал
2597	9	1	-е
2598	9	1	активнее
2599	9	1	американские
2600	9	1	арсений
2601	9	1	аэро
2602	9	1	аэрофлот
2603	9	1	банки-кредиторы
2604	9	1	банкиров
2605	9	1	банковском
2606	9	1	белоусов
2607	9	1	беляков
2608	9	1	бизнесе
2609	9	1	биржи
2610	9	1	брифинге
2611	9	1	брянской
2612	9	1	бунин
2613	9	1	бурматов
2614	9	1	бюллетеней
2615	9	1	валютном
2616	9	1	вас
2617	9	1	ввода
2618	9	1	ведения
2619	9	1	ведется
2620	9	1	вексельберга
2621	9	1	взнос
2622	9	1	взять
2623	9	1	видно
2624	9	1	вклад
2625	9	1	вкладам
2626	9	1	включает
2627	9	1	владельцев
2628	9	1	владельцем
2629	9	1	внесен
2630	9	1	внутренней
2631	9	1	возможного
2632	9	1	возможных
2633	9	1	возникает
2634	9	1	возникнуть
2635	9	1	война
2636	9	1	вся
2637	9	1	выводу
2638	9	1	выполнять
2639	9	1	выпуска
2640	9	1	высоким
2641	9	1	высшей
2642	9	1	вячеслав
2643	9	1	газопровода
2644	9	1	гальченко
2645	9	1	гарантии
2646	9	1	георгий
2647	9	1	главе
2648	9	1	городской
2649	9	1	готовит
2650	9	1	готовности
2651	9	1	гуманитарной
2652	9	1	давать
2653	9	1	дали
2654	9	1	дальнем
2655	9	1	де-факто
2656	9	1	действует
2657	9	1	денина
2658	9	1	денис
2659	9	1	депозитам
2660	9	1	деятельностью
2661	9	1	днем
2662	9	1	добролета
2663	9	1	договариваться
2664	9	1	договора
2665	9	1	долгосрочного
2666	9	1	долгосрочные
2667	9	1	досрочных
2668	9	1	достичь
2669	9	1	друг
2670	9	1	другое
2671	9	1	европа
2672	9	1	евросоюз
2673	9	1	естественно
2674	9	1	жесткие
2675	9	1	завершить
2676	9	1	задуматься
2677	9	1	заимствования
2678	9	1	займа
2679	9	1	займы
2680	9	1	заключается
2681	9	1	заключении
2682	9	1	закрытие
2683	9	1	замглавы
2684	9	1	замечает
2685	9	1	западной
2686	9	1	здравоохранения
2687	9	1	значительной
2688	9	1	изменились
2689	9	1	инвестировать
2690	9	1	инвестиционный
2691	9	1	инвесторами
2692	9	1	иностранные
2693	9	1	иностранными
2694	9	1	интервенции
2695	9	1	информполитике
2696	9	1	исследованиям
2697	9	1	источником
2698	9	1	каждом
2699	9	1	каком
2700	9	1	кампанию
2701	9	1	кандидат
2702	9	1	капитализация
2703	9	1	ко
2704	9	1	козин
2705	9	1	комитете
2706	9	1	компаниями
2707	9	1	компонента
2708	9	1	конвертации
2709	9	1	консультаций
2710	9	1	корпоративного
2711	9	1	корпорации
2712	9	1	крайней
2713	9	1	кредитного
2714	9	1	кредиторы
2715	9	1	крупнейший
2716	9	1	крупного
2717	9	1	лавров
2718	9	1	лебедев
2719	9	1	лицензию
2720	9	1	лондона
2721	9	1	малого
2722	9	1	материалы
2723	9	1	меджлиса
2724	9	1	международном
2725	9	1	менеджер
2726	9	1	меру
2727	9	1	местах
2728	9	1	металлургического
2729	9	1	металлургической
2730	9	1	метро
2731	9	1	мид
2732	9	1	минут
2733	9	1	минфине
2734	9	1	минфину
2735	9	1	мирного
2736	9	1	могу
2737	9	1	модернизации
2738	9	1	мосгордуме
2739	9	1	нагрузка
2740	9	1	назаров
2741	9	1	накопительную
2742	9	1	налоговым
2743	9	1	народной
2744	9	1	населенных
2745	9	1	неделю
2746	9	1	незаконной
2747	9	1	неопределенности
2748	9	1	обеих
2749	9	1	обойтись
2750	9	1	объединенной
2751	9	1	обязательного
2752	9	1	ограничить
2753	9	1	оказалась
2754	9	1	оказать
2755	9	1	определенные
2756	9	1	организаторы
2757	9	1	ослабления
2758	9	1	основания
2759	9	1	остальные
2760	9	1	отечественных
2761	9	1	отказалась
2762	9	1	отказывается
2763	9	1	отложить
2764	9	1	отмечал
2765	9	1	отраслей
2766	9	1	оттоку
2767	9	1	официального
2768	9	1	парламенте
2769	9	1	пгс-хазар
2770	9	1	пенсий
2771	9	1	пенсию
2772	9	1	перевести
2773	9	1	передал
2774	9	1	передать
2775	9	1	передаче
2776	9	1	передачу
2777	9	1	перечень
2778	9	1	периодом
2779	9	1	персонала
2780	9	1	петербурга
2781	9	1	письма
2782	9	1	пнд
2783	9	1	повысить
2784	9	1	повышению
2785	9	1	погашения
2786	9	1	подешевели
2787	9	1	поднят
2788	9	1	подобные
2789	9	1	показания
2790	9	1	полевой
2791	9	1	политическое
2792	9	1	политическую
2793	9	1	получается
2794	9	1	получится
2795	9	1	польшу
2796	9	1	порог
2797	9	1	порядок
2798	9	1	последнего
2799	9	1	построить
2800	9	1	потенциальных
2801	9	1	пошли
2802	9	1	появится
2803	9	1	пределами
2804	9	1	предлагают
2805	9	1	предложили
2806	9	1	предмет
2807	9	1	предприниматели
2808	9	1	представителями
2809	9	1	прекратить
2810	9	1	признал
2811	9	1	признать
2812	9	1	принадлежат
2813	9	1	присоединения
2814	9	1	присутствие
2815	9	1	проверку
2816	9	1	программе
2817	9	1	прогресса
2818	9	1	пройдет
2819	9	1	прокуратура
2820	9	1	процедуры
2821	9	1	процентных
2822	9	1	прошла
2823	9	1	прошло
2824	9	1	публикации
2825	9	1	работ
2826	9	1	разве
2827	9	1	развиваться
2828	9	1	размера
2829	9	1	разные
2830	9	1	распоряжение
2831	9	1	распространяется
2832	9	1	рассматривается
2833	9	1	расчета
2834	9	1	речи
2835	9	1	решением
2836	9	1	рода
2837	9	1	родины
2838	9	1	рубли
2839	9	1	руководстве
2840	9	1	рынку
2841	9	1	самим
2842	9	1	самые
2843	9	1	сбора
2844	9	1	связана
2845	9	1	секретарь
2846	9	1	сектор
2847	9	1	семей
2848	9	1	серьезных
2849	9	1	систем
2850	9	1	скажется
2851	9	1	следователя
2852	9	1	смысл
2853	9	1	снизилась
2854	9	1	совету
2855	9	1	созданию
2856	9	1	созыве
2857	9	1	соколов
2858	9	1	соответствующее
2859	9	1	составляла
2860	9	1	составлять
2861	9	1	сотрудничестве
2862	9	1	социального
2863	9	1	способ
2864	9	1	справедливая
2865	9	1	средний
2866	9	1	ставит
2867	9	1	старше
2868	9	1	статье
2869	9	1	статьям
2870	9	1	структуру
2871	9	1	сутки
2872	9	1	тариф
2873	9	1	тарифа
2874	9	1	теми
2875	9	1	терминал
2876	9	1	тимошенко
2877	9	1	торговых
2878	9	1	точку
2879	9	1	транснефть
2880	9	1	третьей
2881	9	1	третьем
2882	9	1	ту-
2883	9	1	тэк
2884	9	1	тэка
2885	9	1	увеличению
2886	9	1	угля
2887	9	1	угроза
2888	9	1	управлении
2889	9	1	усилить
2890	9	1	усилия
2891	9	1	учета
2892	9	1	федеральном
2893	9	1	финансовую
2894	9	1	финансовыми
2895	9	1	фк
2896	9	1	форме
2897	9	1	фст
2898	9	1	функций
2899	9	1	ходатайство
2900	9	1	худайнатов
2901	9	1	часов
2902	9	1	частных
2903	9	1	членом
2904	9	1	шаги
2905	9	1	шамолин
2906	9	1	швейцарии
2907	9	1	экспертов
2908	9	1	эксплуатацию
2909	9	1	этими
2910	9	1	юридической
2911	9	1	японии
2912	8	1	-летний
2913	8	1	администрирования
2914	8	1	аппарате
2915	8	1	аркадий
2916	8	1	аркадия
2917	8	1	ато
2918	8	1	аэрофлоту
2919	8	1	баланс
2920	8	1	банковских
2921	8	1	банковского
2922	8	1	башкирского
2923	8	1	безусловно
2924	8	1	белом
2925	8	1	бизнесменов
2926	8	1	билетов
2927	8	1	биржа
2928	8	1	близкого
2929	8	1	боевые
2930	8	1	больших
2931	8	1	бурмистров
2932	8	1	бюджетным
2933	8	1	важнее
2934	8	1	вам
2935	8	1	введением
2936	8	1	введены
2937	8	1	ввоз
2938	8	1	взаимодействие
2939	8	1	взноса
2940	8	1	взносы
2941	8	1	взял
2942	8	1	видел
2943	8	1	видов
2944	8	1	виталий
2945	8	1	вкладчиков
2946	8	1	внимания
2947	8	1	водителей
2948	8	1	возбуждении
2949	8	1	возбуждения
2950	8	1	возбуждено
2951	8	1	возможные
2952	8	1	войне
2953	8	1	вопросом
2954	8	1	восточном
2955	8	1	восточный
2956	8	1	вошел
2957	8	1	все-таки
2958	8	1	всеми
2959	8	1	всему
2960	8	1	вторым
2961	8	1	высокие
2962	8	1	выход
2963	8	1	выхода
2964	8	1	гвардии
2965	8	1	геологоразведки
2966	8	1	геополитических
2967	8	1	глав
2968	8	1	главное
2969	8	1	главной
2970	8	1	гока
2971	8	1	гончарук
2972	8	1	горе
2973	8	1	госдума
2974	8	1	готово
2975	8	1	гражданских
2976	8	1	границ
2977	8	1	границе
2978	8	1	давал
2979	8	1	дал
2980	8	1	данном
2981	8	1	два-три
2982	8	1	движение
2983	8	1	девяти
2984	8	1	делом
2985	8	1	десятков
2986	8	1	диалог
2987	8	1	длинные
2988	8	1	добыче
2989	8	1	доме
2990	8	1	дополнительного
2991	8	1	допустить
2992	8	1	дорог
2993	8	1	досрочное
2994	8	1	достиг
2995	8	1	доходность
2996	8	1	дроздов
2997	8	1	думать
2998	8	1	журналистов
2999	8	1	завершения
3000	8	1	заемщики
3001	8	1	законе
3002	8	1	заместителя
3003	8	1	заметил
3004	8	1	заметно
3005	8	1	занимал
3006	8	1	запад
3007	8	1	западе
3008	8	1	запретить
3009	8	1	заставить
3010	8	1	зачастую
3011	8	1	заявки
3012	8	1	заявлении
3013	8	1	здании
3014	8	1	значений
3015	8	1	зюзин
3016	8	1	иван
3017	8	1	игры
3018	8	1	издание
3019	8	1	инвестиционные
3020	8	1	инвестора
3021	8	1	иногда
3022	8	1	интересам
3023	8	1	интересах
3024	8	1	информацией
3025	8	1	исключено
3026	8	1	иску
3027	8	1	ищут
3028	8	1	каким
3029	8	1	кампания
3030	8	1	кандидатам
3031	8	1	квартал
3032	8	1	комбината
3033	8	1	коммерсантъ
3034	8	1	комплексов
3035	8	1	конкуренции
3036	8	1	контролем
3037	8	1	конфликте
3038	8	1	коржов
3039	8	1	корпорация
3040	8	1	край
3041	8	1	крымские
3042	8	1	кэпитал
3043	8	1	легко
3044	8	1	ликвидации
3045	8	1	макроэкономических
3046	8	1	массовых
3047	8	1	материалов
3048	8	1	мгик
3049	8	1	межпромбанка
3050	8	1	мельников
3051	8	1	места
3052	8	1	месте
3053	8	1	месторождении
3054	8	1	министров
3055	8	1	минюст
3056	8	1	мировой
3057	8	1	миссия
3058	8	1	моисеев
3059	8	1	море
3060	8	1	морских
3061	8	1	морского
3062	8	1	москвой
3063	8	1	московская
3064	8	1	мощностью
3065	8	1	мтс
3066	8	1	муниципальный
3067	8	1	мэр
3068	8	1	мэра
3069	8	1	набрал
3070	8	1	навального
3071	8	1	надоршин
3072	8	1	назвали
3073	8	1	название
3074	8	1	назначено
3075	8	1	наказание
3076	8	1	наконец
3077	8	1	накопления
3078	8	1	наличии
3079	8	1	намерении
3080	8	1	намерены
3081	8	1	намечено
3082	8	1	настаивает
3083	8	1	настаивают
3084	8	1	научный
3085	8	1	находящихся
3086	8	1	начало
3087	8	1	началом
3088	8	1	нашим
3089	8	1	необходим
3090	8	1	необходимостью
3091	8	1	необходимые
3092	8	1	необходимых
3093	8	1	непросто
3094	8	1	неф
3095	8	1	нефтегазового
3096	8	1	нефтегазовой
3097	8	1	нормативы
3098	8	1	нормы
3099	8	1	носят
3100	8	1	оборот
3101	8	1	обратился
3102	8	1	обращались
3103	8	1	обращении
3104	8	1	обсудить
3105	8	1	обсуждался
3106	8	1	общем
3107	8	1	общую
3108	8	1	объектов
3109	8	1	ограничены
3110	8	1	ограничивает
3111	8	1	ооо
3112	8	1	оператор
3113	8	1	оператора
3114	8	1	оппозиционные
3115	8	1	опрос
3116	8	1	оптимизации
3117	8	1	опубликован
3118	8	1	организацию
3119	8	1	оставил
3120	8	1	оставить
3121	8	1	осуществлять
3122	8	1	ответные
3123	8	1	отдельным
3124	8	1	отзыва
3125	8	1	открыть
3126	8	1	отмене
3127	8	1	отмечается
3128	8	1	относится
3129	8	1	отношению
3130	8	1	офис
3131	8	1	партию
3132	8	1	партнером
3133	8	1	переданы
3134	8	1	петропавловский
3135	8	1	платежа
3136	8	1	платежной
3137	8	1	плохо
3138	8	1	победы
3139	8	1	повестки
3140	8	1	подобных
3141	8	1	подразделения
3142	8	1	подсчетам
3143	8	1	подтвердила
3144	8	1	подход
3145	8	1	подчеркивает
3146	8	1	поздно
3147	8	1	пойти
3148	8	1	политический
3149	8	1	полномочиями
3150	8	1	полтора
3151	8	1	получение
3152	8	1	получив
3153	8	1	поможет
3154	8	1	помочь
3155	8	1	постановление
3156	8	1	поступления
3157	8	1	потока
3158	8	1	появление
3159	8	1	правоохранительные
3160	8	1	пределах
3161	8	1	предлагать
3162	8	1	предложением
3163	8	1	предложить
3164	8	1	предоставлять
3165	8	1	предположил
3166	8	1	представление
3167	8	1	привели
3168	8	1	приводят
3169	8	1	признаны
3170	8	1	признают
3171	8	1	пример
3172	8	1	примет
3173	8	1	принципе
3174	8	1	приняли
3175	8	1	присоединение
3176	8	1	причина
3177	8	1	причинам
3178	8	1	про
3179	8	1	проблемам
3180	8	1	проверок
3181	8	1	продал
3182	8	1	продлить
3183	8	1	продолжить
3184	8	1	продукты
3185	8	1	проектах
3186	8	1	производителей
3187	8	1	пройти
3188	8	1	просьбу
3189	8	1	протокол
3190	8	1	проходили
3191	8	1	проходят
3192	8	1	процент
3193	8	1	процентный
3194	8	1	проценты
3195	8	1	прошел
3196	8	1	пункты
3197	8	1	пургин
3198	8	1	пусть
3199	8	1	ради
3200	8	1	развивать
3201	8	1	разговор
3202	8	1	размещать
3203	8	1	разработке
3204	8	1	разрешения
3205	8	1	разумеется
3206	8	1	рассматривает
3207	8	1	расширить
3208	8	1	раунд
3209	8	1	реально
3210	8	1	реального
3211	8	1	регион
3212	8	1	резкого
3213	8	1	резкое
3214	8	1	рекомендовал
3215	8	1	ремонт
3216	8	1	ремонта
3217	8	1	решили
3218	8	1	розничной
3219	8	1	роухани
3220	8	1	самая
3221	8	1	самоуправления
3222	8	1	сведения
3223	8	1	свидетелей
3224	8	1	свидетельствует
3225	8	1	северная
3226	8	1	сегмент
3227	8	1	силовиков
3228	8	1	ск
3229	8	1	сланцевых
3230	8	1	следственные
3231	8	1	следующего
3232	8	1	сложных
3233	8	1	снижать
3234	8	1	снова
3235	8	1	собственной
3236	8	1	совете
3237	8	1	согласны
3238	8	1	сократился
3239	8	1	сокращать
3240	8	1	сомневается
3241	8	1	сообщала
3242	8	1	сообщали
3243	8	1	соответствующие
3244	8	1	составят
3245	8	1	состоит
3246	8	1	состоянии
3247	8	1	сочинском
3248	8	1	спад
3249	8	1	списка
3250	8	1	споров
3251	8	1	способны
3252	8	1	способом
3253	8	1	спустя
3254	8	1	ссср
3255	8	1	становятся
3256	8	1	статья
3257	8	1	стоимостью
3258	8	1	страховые
3259	8	1	судостроительной
3260	8	1	сургутнефтегаз
3261	8	1	сферы
3262	8	1	сформировать
3263	8	1	счетам
3264	8	1	счетах
3265	8	1	та
3266	8	1	татьяна
3267	8	1	текущий
3268	8	1	телефону
3269	8	1	темпами
3270	8	1	темпов
3271	8	1	теоретически
3272	8	1	типа
3273	8	1	титов
3274	8	1	топ-менеджеров
3275	8	1	торгового
3276	8	1	требование
3277	8	1	туре
3278	8	1	тысяч
3279	8	1	уведомлений
3280	8	1	увеличивать
3281	8	1	уверены
3282	8	1	увольнения
3283	8	1	урегулированию
3284	8	1	успех
3285	8	1	успешно
3286	8	1	уточнила
3287	8	1	участок
3288	8	1	фактором
3289	8	1	факторы
3290	8	1	февраля
3291	8	1	финансировать
3292	8	1	финансовая
3293	8	1	флота
3294	8	1	формирования
3295	8	1	фцп
3296	8	1	ходатайству
3297	8	1	центральный
3298	8	1	четвертый
3299	8	1	чья
3300	8	1	шапошников
3301	8	1	шла
3302	8	1	штаб
3303	8	1	экономическом
3304	8	1	экспресс
3305	8	1	южного
3306	8	1	юристы
3307	7	1	абсолютно
3308	7	1	авиации
3309	7	1	автодор
3310	7	1	авторы
3311	7	1	административной
3312	7	1	административных
3313	7	1	администрацией
3314	7	1	айрапетян
3315	7	1	акт
3316	7	1	активами
3317	7	1	алиханова
3318	7	1	амнистии
3319	7	1	аналитического
3320	7	1	арктике
3321	7	1	балансе
3322	7	1	бизнесмену
3323	7	1	боевых
3324	7	1	больницы
3325	7	1	большого
3326	7	1	брать
3327	7	1	бывшим
3328	7	1	бюджетной
3329	7	1	бюджетные
3330	7	1	василий
3331	7	1	ведут
3332	7	1	ведутся
3333	7	1	верховной
3334	7	1	взыскать
3335	7	1	визит
3336	7	1	включить
3337	7	1	владимиру
3338	7	1	внешнего
3339	7	1	внешним
3340	7	1	вносить
3341	7	1	вовсе
3342	7	1	военнослужащих
3343	7	1	военный
3344	7	1	возвращения
3345	7	1	возглавил
3346	7	1	возможен
3347	7	1	возможное
3348	7	1	войска
3349	7	1	восток
3350	7	1	восьми
3351	7	1	вошли
3352	7	1	вплоть
3353	7	1	впоследствии
3354	7	1	временно
3355	7	1	всемирного
3356	7	1	вспоминает
3357	7	1	встречался
3358	7	1	второе
3359	7	1	выборами
3360	7	1	выйдет
3361	7	1	выкупить
3362	7	1	вынуждена
3363	7	1	выразил
3364	7	1	высказал
3365	7	1	высказался
3366	7	1	выступили
3367	7	1	высшего
3368	7	1	выходить
3369	7	1	вышел
3370	7	1	газете
3371	7	1	геннадий
3372	7	1	генсовета
3373	7	1	герман
3374	7	1	главных
3375	7	1	глубоководных
3376	7	1	голосовании
3377	7	1	гонконгский
3378	7	1	городах
3379	7	1	госбанки
3380	7	1	государств
3381	7	1	государственную
3382	7	1	гражданам
3383	7	1	граждане
3384	7	1	грузов
3385	7	1	губенко
3386	7	1	губернатором
3387	7	1	давосе
3388	7	1	дальнейшее
3389	7	1	дают
3390	7	1	движением
3391	7	1	двумя
3392	7	1	девальвации
3393	7	1	действиям
3394	7	1	действуют
3395	7	1	действующие
3396	7	1	денин
3397	7	1	депутатам
3398	7	1	депутатами
3399	7	1	детали
3400	7	1	дипломат
3401	7	1	долговой
3402	7	1	домашним
3403	7	1	донской
3404	7	1	дополнительный
3405	7	1	допускает
3406	7	1	допустил
3407	7	1	достигла
3408	7	1	достоверность
3409	7	1	думского
3410	7	1	думы
3411	7	1	ебрр
3412	7	1	европейским
3413	7	1	единого
3414	7	1	единый
3415	7	1	ежегодно
3416	7	1	железнодорожных
3417	7	1	железных
3418	7	1	жертвы
3419	7	1	жизнь
3420	7	1	жители
3421	7	1	жить
3422	7	1	забрать
3423	7	1	заведомо
3424	7	1	заводе
3425	7	1	заключение
3426	7	1	заключения
3427	7	1	заключил
3428	7	1	законопроекте
3429	7	1	законопроектной
3430	7	1	законопроектом
3431	7	1	закрыть
3432	7	1	замгендиректора
3433	7	1	замечания
3434	7	1	зампредседателя
3435	7	1	запасы
3436	7	1	запланировано
3437	7	1	запрещает
3438	7	1	заработать
3439	7	1	зарплату
3440	7	1	зато
3441	7	1	захаров
3442	7	1	захарченко
3443	7	1	заявок
3444	7	1	здания
3445	7	1	зимой
3446	7	1	значительного
3447	7	1	значительное
3448	7	1	знаю
3449	7	1	зону
3450	7	1	игроков
3451	7	1	идее
3452	7	1	издания
3453	7	1	изменении
3454	7	1	изменилась
3455	7	1	имели
3456	7	1	ими
3457	7	1	институты
3458	7	1	инфраструктуру
3459	7	1	исключают
3460	7	1	исключил
3461	7	1	исключительно
3462	7	1	исключить
3463	7	1	исполнения
3464	7	1	италии
3465	7	1	й
3466	7	1	кампаний
3467	7	1	киеве
3468	7	1	клиентам
3469	7	1	ключевую
3470	7	1	коллег
3471	7	1	коллеги
3472	7	1	колычев
3473	7	1	кольца
3474	7	1	комбинат
3475	7	1	комитетом
3476	7	1	комментируют
3477	7	1	консорциума
3478	7	1	контексте
3479	7	1	контракт
3480	7	1	конференции
3481	7	1	концерна
3482	7	1	коридора
3483	7	1	котировок
3484	7	1	кредитные
3485	7	1	крупнейшего
3486	7	1	кудрин
3487	7	1	кынев
3488	7	1	лайф
3489	7	1	лицо
3490	7	1	лондонской
3491	7	1	луценко
3492	7	1	лысенко
3493	7	1	максимальный
3494	7	1	маневр
3495	7	1	марки
3496	7	1	маркин
3497	7	1	медведевым
3498	7	1	меджлис
3499	7	1	местные
3500	7	1	месторождению
3501	7	1	металлургическая
3502	7	1	методами
3503	7	1	механизма
3504	7	1	мешает
3505	7	1	миллиардов
3506	7	1	миллионов
3507	7	1	министром
3508	7	1	минобороны
3509	7	1	минрегиона
3510	7	1	минюста
3511	7	1	мирному
3512	7	1	мирового
3513	7	1	митинг
3514	7	1	моратория
3515	7	1	мосгорсуд
3516	7	1	мск
3517	7	1	н
3518	7	1	наверное
3519	7	1	названием
3520	7	1	назначение
3521	7	1	называет
3522	7	1	наличие
3523	7	1	намерена
3524	7	1	намного
3525	7	1	напомнил
3526	7	1	направил
3527	7	1	направлениях
3528	7	1	напряженность
3529	7	1	народного
3530	7	1	нарушений
3531	7	1	нарушениях
3532	7	1	находиться
3533	7	1	национальная
3534	7	1	начались
3535	7	1	начался
3536	7	1	начиная
3537	7	1	негативные
3538	7	1	некоторое
3539	7	1	немного
3540	7	1	несет
3541	7	1	нефтепродуктов
3542	7	1	низкий
3543	7	1	никому
3544	7	1	новороссия
3545	7	1	новыми
3546	7	1	обвиняемого
3547	7	1	обеспечение
3548	7	1	обеспечивает
3549	7	1	обзоре
3550	7	1	оборонной
3551	7	1	оборота
3552	7	1	обратно
3553	7	1	обсуждается
3554	7	1	обсуждаться
3555	7	1	объявила
3556	7	1	одобрено
3557	7	1	одобрил
3558	7	1	ожиданий
3559	7	1	ожидают
3560	7	1	оказывает
3561	7	1	операционных
3562	7	1	оппозицию
3563	7	1	определять
3564	7	1	опроверг
3565	7	1	опцион
3566	7	1	опыта
3567	7	1	орган
3568	7	1	органа
3569	7	1	органам
3570	7	1	основанием
3571	7	1	основании
3572	7	1	оспорить
3573	7	1	остались
3574	7	1	осуществляться
3575	7	1	отдела
3576	7	1	отклонил
3577	7	1	отменить
3578	7	1	отправить
3579	7	1	официальной
3580	7	1	оценки
3581	7	1	палата
3582	7	1	параметров
3583	7	1	партнерами
3584	7	1	пенсионеров
3585	7	1	перевозчика
3586	7	1	переносе
3587	7	1	песков
3588	7	1	петербурге
3589	7	1	пишут
3590	7	1	планах
3591	7	1	плане
3592	7	1	планировала
3593	7	1	платы
3594	7	1	плотницкий
3595	7	1	площадке
3596	7	1	повестка
3597	7	1	погасить
3598	7	1	подготовку
3599	7	1	подлежат
3600	7	1	позднее
3601	7	1	поиск
3602	7	1	показать
3603	7	1	показывают
3604	7	1	покупателей
3605	7	1	покупатели
3606	7	1	политикой
3607	7	1	полной
3608	7	1	половину
3609	7	1	положительно
3610	7	1	полуострова
3611	7	1	получат
3612	7	1	получения
3613	7	1	польша
3614	7	1	попали
3615	7	1	поручение
3616	7	1	поставками
3617	7	1	поставлять
3618	7	1	поставщиков
3619	7	1	потенциального
3620	7	1	потребовал
3621	7	1	пояснительной
3622	7	1	правового
3623	7	1	превысит
3624	7	1	предлагали
3625	7	1	предоставление
3626	7	1	предполагалось
3627	7	1	прежнему
3628	7	1	презентации
3629	7	1	преодолеть
3630	7	1	преступлений
3631	7	1	преступления
3632	7	1	приватбанка
3633	7	1	призвал
3634	7	1	принципиально
3635	7	1	приняла
3636	7	1	принятии
3637	7	1	принятию
3638	7	1	приняты
3639	7	1	присутствия
3640	7	1	причине
3641	7	1	пришел
3642	7	1	провели
3643	7	1	проводит
3644	7	1	продажа
3645	7	1	проданы
3646	7	1	продовольствия
3647	7	1	продолжается
3648	7	1	проектом
3649	7	1	проекту
3650	7	1	производить
3651	7	1	производству
3652	7	1	произошел
3653	7	1	прокомментировал
3654	7	1	промышленного
3655	7	1	просрочки
3656	7	1	протестов
3657	7	1	прошлую
3658	7	1	проще
3659	7	1	прямого
3660	7	1	пускового
3661	7	1	разбирательство
3662	7	1	различные
3663	7	1	разработал
3664	7	1	разработку
3665	7	1	рамки
3666	7	1	распоряжении
3667	7	1	рассмотрения
3668	7	1	рахимова-младшего
3669	7	1	реагирования
3670	7	1	реализацию
3671	7	1	реальный
3672	7	1	региональный
3673	7	1	регулирование
3674	7	1	результатам
3675	7	1	результатов
3676	7	1	республику
3677	7	1	ресурс
3678	7	1	решении
3679	7	1	решит
3680	7	1	роман
3681	7	1	росздравнадзор
3682	7	1	рубеж
3683	7	1	русский
3684	7	1	ряде
3685	7	1	сазонов
3686	7	1	самих
3687	7	1	самыми
3688	7	1	санкт-петербург
3689	7	1	санкциях
3690	7	1	свидетельствуют
3691	7	1	свободу
3692	7	1	сегменте
3693	7	1	сибирь
3694	7	1	силами
3695	7	1	симферополь
3696	7	1	следить
3697	7	1	следующие
3698	7	1	слюняев
3699	7	1	снижает
3700	7	1	снизились
3701	7	1	собственников
3702	7	1	собственным
3703	7	1	собянин
3704	7	1	совместно
3705	7	1	совместного
3706	7	1	согласился
3707	7	1	создала
3708	7	1	создаст
3709	7	1	сократится
3710	7	1	сомнения
3711	7	1	сообщало
3712	7	1	сообщениями
3713	7	1	соприкосновения
3714	7	1	состоится
3715	7	1	списки
3716	7	1	стаж
3717	7	1	стандарты
3718	7	1	старшего
3719	7	1	старых
3720	7	1	сторона
3721	7	1	стратегического
3722	7	1	страхование
3723	7	1	страховки
3724	7	1	субъектов
3725	7	1	судебного
3726	7	1	судебных
3727	7	1	судьба
3728	7	1	судя
3729	7	1	суток
3730	7	1	схема
3731	7	1	такими
3732	7	1	темы
3733	7	1	терминала
3734	7	1	титова
3735	7	1	трансаэро
3736	7	1	транспортной
3737	7	1	требса
3738	7	1	труд
3739	7	1	тут
3740	7	1	убытков
3741	7	1	увеличила
3742	7	1	углеводородов
3743	7	1	угрозы
3744	7	1	уж
3745	7	1	украинская
3746	7	1	украинским
3747	7	1	улучшение
3748	7	1	упадет
3749	7	1	уровней
3750	7	1	уровнях
3751	7	1	уроки
3752	7	1	устанавливать
3753	7	1	устраивает
3754	7	1	участвуют
3755	7	1	участии
3756	7	1	учесть
3757	7	1	федеральные
3758	7	1	федеральным
3759	7	1	федеральных
3760	7	1	физлиц
3761	7	1	фильтр
3762	7	1	фирмы
3763	7	1	фондом
3764	7	1	формируется
3765	7	1	фтс
3766	7	1	хорошие
3767	7	1	хороший
3768	7	1	царев
3769	7	1	ценных
3770	7	1	центральной
3771	7	1	цифра
3772	7	1	частной
3773	7	1	чехии
3774	7	1	чиновника
3775	7	1	членами
3776	7	1	шанс
3777	7	1	шансов
3778	7	1	шестого
3779	7	1	школ
3780	7	1	штраф
3781	7	1	шувалов
3782	7	1	экономистов
3783	7	1	экономическая
3784	7	1	экономическое
3785	7	1	экспобанка
3786	7	1	элит
3787	7	1	энергетического
3788	7	1	южный
3789	7	1	юлии
3790	7	1	юлия
3791	7	1	юрия
3792	7	1	яблоко
3793	7	1	японию
3794	6	1	-летнего
3795	6	1	абсолют
3796	6	1	август
3797	6	1	автоматически
3798	6	1	агентству
3799	6	1	агитацию
3800	6	1	аеб
3801	6	1	актива
3802	6	1	активность
3803	6	1	альтернативы
3804	6	1	алюминиевой
3805	6	1	американская
3806	6	1	американский
3807	6	1	амнистию
3808	6	1	аналогичным
3809	6	1	анатолий
3810	6	1	аресте
3811	6	1	арктических
3812	6	1	атака
3813	6	1	аэропорт
3814	6	1	бажаева
3815	6	1	база
3816	6	1	банкротстве
3817	6	1	басманный
3818	6	1	башнефтью
3819	6	1	белоруссии
3820	6	1	белорусской
3821	6	1	бизнесмены
3822	6	1	биржевой
3823	6	1	биржу
3824	6	1	ближе
3825	6	1	большинством
3826	6	1	буду
3827	6	1	будущего
3828	6	1	буздалин
3829	6	1	бюджеты
3830	6	1	валюта
3831	6	1	вариантом
3832	6	1	ввел
3833	6	1	ведомостям
3834	6	1	велиева
3835	6	1	великобритания
3836	6	1	величине
3837	6	1	вернется
3838	6	1	верховного
3839	6	1	видели
3840	6	1	виду
3841	6	1	владельцы
3842	6	1	вложений
3843	6	1	вмешательства
3844	6	1	внесении
3845	6	1	внесения
3846	6	1	внесенный
3847	6	1	внесены
3848	6	1	водители
3849	6	1	возврата
3850	6	1	возвращать
3851	6	1	воздействия
3852	6	1	возмещение
3853	6	1	возможной
3854	6	1	возможностью
3855	6	1	возник
3856	6	1	вооружений
3857	6	1	вооруженных
3858	6	1	восстановление
3859	6	1	восточного
3860	6	1	вперед
3861	6	1	вроде
3862	6	1	всерьез
3863	6	1	всто
3864	6	1	вторит
3865	6	1	въезд
3866	6	1	выглядят
3867	6	1	выдвинуть
3868	6	1	выиграл
3869	6	1	выкупа
3870	6	1	выплата
3871	6	1	выплату
3872	6	1	выплаченных
3873	6	1	выполнения
3874	6	1	выполняет
3875	6	1	выполняют
3876	6	1	высказались
3877	6	1	высокопоставленный
3878	6	1	выступая
3879	6	1	гарантий
3880	6	1	геннадия
3881	6	1	германии
3882	6	1	годовой
3883	6	1	головной
3884	6	1	госкомпания
3885	6	1	госкорпорации
3886	6	1	госкорпорация
3887	6	1	государственная
3888	6	1	гражданская
3889	6	1	гражданский
3890	6	1	григорий
3891	6	1	давности
3892	6	1	далеко
3893	6	1	данной
3894	6	1	двое
3895	6	1	действиями
3896	6	1	действующего
3897	6	1	денежно-кредитной
3898	6	1	депутатских
3899	6	1	депутатской
3900	6	1	директором
3901	6	1	добролет
3902	6	1	добычу
3903	6	1	договоренностей
3904	6	1	долей
3905	6	1	доллару
3906	6	1	донецк
3907	6	1	допустимых
3908	6	1	дорогу
3909	6	1	дороже
3910	6	1	достигнет
3911	6	1	дохода
3912	6	1	дочку
3913	6	1	др
3914	6	1	душанбе
3915	6	1	единоросс
3916	6	1	ею
3917	6	1	жалоб
3918	6	1	ждут
3919	6	1	желающих
3920	6	1	жесткой
3921	6	1	живут
3922	6	1	зависят
3923	6	1	заводы
3924	6	1	завтра
3925	6	1	загребной
3926	6	1	задачи
3927	6	1	заемщикам
3928	6	1	займет
3929	6	1	займов
3930	6	1	заключить
3931	6	1	законопроектов
3932	6	1	закрытом
3933	6	1	закупки
3934	6	1	заморозки
3935	6	1	замруководителя
3936	6	1	занимают
3937	6	1	заплатив
3938	6	1	запросу
3939	6	1	заранее
3940	6	1	зарегистрировано
3941	6	1	заставляет
3942	6	1	захочет
3943	6	1	знаком
3944	6	1	значительную
3945	6	1	значительных
3946	6	1	зюганова
3947	6	1	известен
3948	6	1	ик
3949	6	1	илья
3950	6	1	импортных
3951	6	1	имя
3952	6	1	инвестициям
3953	6	1	инвестор
3954	6	1	индекс
3955	6	1	индексации
3956	6	1	инициатива
3957	6	1	инициировать
3958	6	1	иного
3959	6	1	интересен
3960	6	1	инфляционных
3961	6	1	инфографику
3962	6	1	иные
3963	6	1	иными
3964	6	1	исключение
3965	6	1	исполкома
3966	6	1	исполнительный
3967	6	1	используют
3968	6	1	используются
3969	6	1	кабинета
3970	6	1	казахстан
3971	6	1	казахстана
3972	6	1	как-то
3973	6	1	какая
3974	6	1	каких
3975	6	1	какой-то
3976	6	1	канада
3977	6	1	капиталу
3978	6	1	кг
3979	6	1	кидяев
3980	6	1	ким
3981	6	1	кипрский
3982	6	1	киринского
3983	6	1	китае
3984	6	1	китайские
3985	6	1	китайской
3986	6	1	клиент
3987	6	1	клювгант
3988	6	1	ключевые
3989	6	1	ключевым
3990	6	1	кодексе
3991	6	1	комитетов
3992	6	1	комплексы
3993	6	1	компромисса
3994	6	1	конечном
3995	6	1	конкурировать
3996	6	1	консолидированных
3997	6	1	контактной
3998	6	1	контролирует
3999	6	1	конфискации
4000	6	1	коррупцией
4001	6	1	котировки
4002	6	1	которыми
4003	6	1	коэффициент
4004	6	1	коэффициенты
4005	6	1	красноярском
4006	6	1	края
4007	6	1	кризисом
4008	6	1	курсу
4009	6	1	легкой
4010	6	1	лета
4011	6	1	ликвидностью
4012	6	1	линий
4013	6	1	лицам
4014	6	1	лишения
4015	6	1	логично
4016	6	1	луганском
4017	6	1	лучшим
4018	6	1	любого
4019	6	1	любую
4020	6	1	макропрогноза
4021	6	1	маневра
4022	6	1	марина
4023	6	1	массы
4024	6	1	масштаб
4025	6	1	мвт
4026	6	1	межбанковского
4027	6	1	международная
4028	6	1	менеджмент
4029	6	1	месторождение
4030	6	1	месяцы
4031	6	1	металлинвестбанка
4032	6	1	минус
4033	6	1	многочисленные
4034	6	1	молодцов
4035	6	1	морской
4036	6	1	мурманской
4037	6	1	мфо
4038	6	1	набиуллина
4039	6	1	наверняка
4040	6	1	называют
4041	6	1	налогоплательщиков
4042	6	1	нарушает
4043	6	1	нарышкин
4044	6	1	население
4045	6	1	настоящий
4046	6	1	национальный
4047	6	1	началу
4048	6	1	небольшой
4049	6	1	недвижимость
4050	6	1	недель
4051	6	1	незаконно
4052	6	1	некое
4053	6	1	немало
4054	6	1	неожиданностью
4055	6	1	неопределенность
4056	6	1	неприкосновенности
4057	6	1	несут
4058	6	1	нижегородской
4059	6	1	низкой
4060	6	1	никакой
4061	6	1	новатэка
4062	6	1	ночь
4063	6	1	нрб
4064	6	1	нулевой
4065	6	1	нынешние
4066	6	1	обвинений
4067	6	1	обвиняемых
4068	6	1	обе
4069	6	1	обещает
4070	6	1	обещают
4071	6	1	обороты
4072	6	1	обострения
4073	6	1	образовательных
4074	6	1	обращаться
4075	6	1	обслуживания
4076	6	1	обстановки
4077	6	1	обсуждать
4078	6	1	общаться
4079	6	1	общее
4080	6	1	одобрен
4081	6	1	ожидания
4082	6	1	окажет
4083	6	1	окончательного
4084	6	1	ольги
4085	6	1	опасается
4086	6	1	опасения
4087	6	1	операционной
4088	6	1	ополчения
4089	6	1	оппозиционных
4090	6	1	оппоненты
4091	6	1	определения
4092	6	1	определенный
4093	6	1	опросы
4094	6	1	опытом
4095	6	1	органами
4096	6	1	организацией
4097	6	1	освободить
4098	6	1	основу
4099	6	1	особые
4100	6	1	оспаривать
4101	6	1	оставляет
4102	6	1	остальное
4103	6	1	остановить
4104	6	1	останутся
4105	6	1	ответить
4106	6	1	отвечая
4107	6	1	отвод
4108	6	1	отдать
4109	6	1	отдельно
4110	6	1	отечественного
4111	6	1	отказалось
4112	6	1	отключение
4113	6	1	открытии
4114	6	1	открытые
4115	6	1	открытых
4116	6	1	отмену
4117	6	1	отнюдь
4118	6	1	отреагировал
4119	6	1	оттуда
4120	6	1	отчасти
4121	6	1	павла
4122	6	1	парке
4123	6	1	переговорах
4124	6	1	перенести
4125	6	1	перенос
4126	6	1	персонал
4127	6	1	перспективу
4128	6	1	петербургского
4129	6	1	писал
4130	6	1	планам
4131	6	1	плановый
4132	6	1	платонов
4133	6	1	платформ
4134	6	1	платформа
4135	6	1	платят
4136	6	1	пмэф
4137	6	1	повлияет
4138	6	1	повод
4139	6	1	повстанцы
4140	6	1	повысил
4141	6	1	повысили
4142	6	1	подал
4143	6	1	подать
4144	6	1	подачи
4145	6	1	подразделений
4146	6	1	подразумевает
4147	6	1	подряд
4148	6	1	подсчитали
4149	6	1	подтвердили
4150	6	1	подтвердить
4151	6	1	позволят
4152	6	1	позитивно
4153	6	1	показала
4154	6	1	поклонной
4155	6	1	полагать
4156	6	1	полагаю
4157	6	1	поле
4158	6	1	политиков
4159	6	1	политическом
4160	6	1	полное
4161	6	1	половина
4162	6	1	получал
4163	6	1	получала
4164	6	1	получали
4165	6	1	помогает
4166	6	1	понимание
4167	6	1	понимают
4168	6	1	популярность
4169	6	1	попытаться
4170	6	1	порога
4171	6	1	порта
4172	6	1	портфеле
4173	6	1	послужило
4174	6	1	поставках
4175	6	1	поставлена
4176	6	1	поставляет
4177	6	1	поступлений
4178	6	1	потребители
4179	6	1	потребует
4180	6	1	появиться
4181	6	1	появятся
4182	6	1	пояснили
4183	6	1	правом
4184	6	1	праву
4185	6	1	предварительно
4186	6	1	предварительного
4187	6	1	предвыборной
4188	6	1	предлагал
4189	6	1	предложен
4190	6	1	предложению
4191	6	1	предложенный
4192	6	1	предоставил
4193	6	1	представителем
4194	6	1	представительство
4195	6	1	представляет
4196	6	1	представлять
4197	6	1	представляют
4198	6	1	предупреждали
4199	6	1	предусмотрено
4200	6	1	президентской
4201	6	1	президентства
4202	6	1	преследования
4203	6	1	привела
4204	6	1	признаки
4205	6	1	принадлежащие
4206	6	1	принести
4207	6	1	приобрел
4208	6	1	присутствии
4209	6	1	приходилось
4210	6	1	причинами
4211	6	1	причинах
4212	6	1	проблемах
4213	6	1	проблемных
4214	6	1	проблемой
4215	6	1	проводил
4216	6	1	прогнозируют
4217	6	1	продажу
4218	6	1	продление
4219	6	1	проезд
4220	6	1	произойдет
4221	6	1	произойти
4222	6	1	происходят
4223	6	1	прокурора
4224	6	1	промпроизводства
4225	6	1	пропаганды
4226	6	1	просить
4227	6	1	простой
4228	6	1	пространства
4229	6	1	противостояния
4230	6	1	проходит
4231	6	1	процедура
4232	6	1	процедуру
4233	6	1	процентные
4234	6	1	публичной
4235	6	1	пугачева
4236	6	1	пытался
4237	6	1	рабочих
4238	6	1	рада
4239	6	1	развитием
4240	6	1	развитии
4241	6	1	размером
4242	6	1	размещению
4243	6	1	разрешить
4244	6	1	рано
4245	6	1	распоряжения
4246	6	1	расследование
4247	6	1	расчетных
4248	6	1	расширению
4249	6	1	реакции
4250	6	1	реальной
4251	6	1	реверсные
4252	6	1	региональным
4253	6	1	реестр
4254	6	1	режиму
4255	6	1	резервные
4256	6	1	резервных
4257	6	1	результатом
4258	6	1	рейсы
4259	6	1	рейтинга
4260	6	1	ректор
4261	6	1	ресурса
4262	6	1	решен
4263	6	1	рисками
4264	6	1	родственников
4265	6	1	роли
4266	6	1	росли
4267	6	1	роснефтью
4268	6	1	россиянам
4269	6	1	росстата
4270	6	1	рублевые
4271	6	1	рублевых
4272	6	1	руды
4273	6	1	руку
4274	6	1	русская
4275	6	1	рынкам
4276	6	1	самолет
4277	6	1	свободных
4278	6	1	связей
4279	6	1	связного
4280	6	1	связной
4281	6	1	сделали
4282	6	1	сделкам
4283	6	1	сделке
4284	6	1	севастополя
4285	6	1	северстали
4286	6	1	сергеем
4287	6	1	середину
4288	6	1	сертификаты
4289	6	1	сертификации
4290	6	1	сетует
4291	6	1	сказаться
4292	6	1	скоро
4293	6	1	следователей
4294	6	1	следственным
4295	6	1	слово
4296	6	1	сложные
4297	6	1	смены
4298	6	1	снбо
4299	6	1	собираются
4300	6	1	соблюдать
4301	6	1	соблюдением
4302	6	1	советских
4303	6	1	совместный
4304	6	1	совокупный
4305	6	1	согласиться
4306	6	1	согласования
4307	6	1	создана
4308	6	1	создано
4309	6	1	сообщать
4310	6	1	сообщество
4311	6	1	сооружений
4312	6	1	соответствующих
4313	6	1	сохранении
4314	6	1	социальном
4315	6	1	специальные
4316	6	1	списков
4317	6	1	спокойно
4318	6	1	средней
4319	6	1	среднесрочной
4320	6	1	средствами
4321	6	1	стабильно
4322	6	1	ставкам
4323	6	1	стажем
4324	6	1	становая
4325	6	1	станций
4326	6	1	старые
4327	6	1	страхованию
4328	6	1	страховка
4329	6	1	страхового
4330	6	1	стремится
4331	6	1	строго
4332	6	1	строится
4333	6	1	структура
4334	6	1	сумме
4335	6	1	существенному
4336	6	1	схеме
4337	6	1	счетной
4338	6	1	считая
4339	6	1	сына
4340	6	1	текст
4341	6	1	текущие
4342	6	1	телеканал
4343	6	1	тему
4344	6	1	тени
4345	6	1	территория
4346	6	1	технические
4347	6	1	тнк-
4348	6	1	товара
4349	6	1	толоконский
4350	6	1	топливо
4351	6	1	традиционных
4352	6	1	трансферта
4353	6	1	трассы
4354	6	1	третьего
4355	6	1	тур
4356	6	1	тэпк
4357	6	1	увеличением
4358	6	1	увеличится
4359	6	1	уголовной
4360	6	1	уголовному
4361	6	1	уголь
4362	6	1	удивительно
4363	6	1	удобрений
4364	6	1	ужесточения
4365	6	1	узнал
4366	6	1	уйти
4367	6	1	украинскому
4368	6	1	укрепление
4369	6	1	университета
4370	6	1	упал
4371	6	1	урал
4372	6	1	уралсиба
4373	6	1	урегулировании
4374	6	1	условиям
4375	6	1	установление
4376	6	1	установленный
4377	6	1	установок
4378	6	1	утверждают
4379	6	1	утром
4380	6	1	уход
4381	6	1	участника
4382	6	1	участникам
4383	6	1	участниками
4384	6	1	фадеева
4385	6	1	факторов
4386	6	1	фг
4387	6	1	федор
4388	6	1	фиксированной
4389	6	1	финанс
4390	6	1	финансовое
4391	6	1	фомс
4392	6	1	фонду
4393	6	1	фунта
4394	6	1	хватит
4395	6	1	холдинг
4396	6	1	хотим
4397	6	1	хоть
4398	6	1	целый
4399	6	1	целях
4400	6	1	центризбиркома
4401	6	1	центробанк
4402	6	1	цепляева
4403	6	1	цитирует
4404	6	1	числом
4405	6	1	чистая
4406	6	1	членства
4407	6	1	чтении
4408	6	1	что-то
4409	6	1	шотландии
4410	6	1	эффективно
4411	6	1	юдаева
4412	6	1	язык
4413	6	1	ярослав
4414	6	1	ясно
4415	5	1	абсолютном
4416	5	1	абсолютных
4417	5	1	автомобили
4418	5	1	административные
4419	5	1	азиатских
4420	5	1	аксенов
4421	5	1	активам
4422	5	1	активистов
4423	5	1	активные
4424	5	1	активом
4425	5	1	альтернативных
4426	5	1	альтернативу
4427	5	1	американского
4428	5	1	аналогичные
4429	5	1	анна
4430	5	1	анонимности
4431	5	1	апрель
4432	5	1	аргументы
4433	5	1	арестованы
4434	5	1	армия
4435	5	1	аэропортов
4436	5	1	бажаев
4437	5	1	баллотироваться
4438	5	1	балтийский
4439	5	1	бама
4440	5	1	батькивщина
4441	5	1	батькивщины
4442	5	1	башкортостан
4443	5	1	белоруссия
4444	5	1	бензин
4445	5	1	берегу
4446	5	1	беседе
4447	5	1	бизнес-омбудсмен
4448	5	1	блаватника
4449	5	1	ближайший
4450	5	1	близко
4451	5	1	богатейших
4452	5	1	боломатов
4453	5	1	брокер
4454	5	1	брюсселе
4455	5	1	будзуляк
4456	5	1	будущий
4457	5	1	булатов
4458	5	1	бумагам
4459	5	1	бумагу
4460	5	1	бурматова
4461	5	1	бывших
4462	5	1	быстрее
4463	5	1	бюджетом
4464	5	1	в-третьих
4465	5	1	важны
4466	5	1	важных
4467	5	1	валютными
4468	5	1	варианте
4469	5	1	введен
4470	5	1	введению
4471	5	1	введенные
4472	5	1	введенных
4473	5	1	вводит
4474	5	1	ведении
4475	5	1	ведомств
4476	5	1	ведомствам
4477	5	1	вексельберг
4478	5	1	вероятным
4479	5	1	верфи
4480	5	1	верхней
4481	5	1	взаимных
4482	5	1	взыскания
4483	5	1	виды
4484	5	1	видят
4485	5	1	виновным
4486	5	1	виноградов
4487	5	1	вице-президента
4488	5	1	вице-спикер
4489	5	1	влияют
4490	5	1	вложения
4491	5	1	вмешивается
4492	5	1	вне
4493	5	1	внешней
4494	5	1	внутреннем
4495	5	1	внутренний
4496	5	1	внутренним
4497	5	1	воду
4498	5	1	воды
4499	5	1	воевать
4500	5	1	военную
4501	5	1	возглавить
4502	5	1	возможностями
4503	5	1	возможны
4504	5	1	возникают
4505	5	1	возникла
4506	5	1	возникнет
4507	5	1	войдут
4508	5	1	вопросе
4509	5	1	вправе
4510	5	1	врачей
4511	5	1	временной
4512	5	1	всемирный
4513	5	1	встанет
4514	5	1	второму
4515	5	1	вывода
4516	5	1	выгодно
4517	5	1	выдаче
4518	5	1	выделения
4519	5	1	выплатил
4520	5	1	выполнение
4521	5	1	выразили
4522	5	1	вырасти
4523	5	1	выручки
4524	5	1	выступать
4525	5	1	выяснилось
4526	5	1	газовая
4527	5	1	газовой
4528	5	1	газпроме
4529	5	1	газпромом
4530	5	1	гайдара
4531	5	1	генерального
4532	5	1	геополитические
4533	5	1	главная
4534	5	1	глобальной
4535	5	1	гок
4536	5	1	голосовать
4537	5	1	голубев
4538	5	1	город
4539	5	1	госслужбе
4540	5	1	государстве
4541	5	1	груп
4542	5	1	гтс
4543	5	1	давосского
4544	5	1	далее
4545	5	1	дальневосточного
4546	5	1	дворкович
4547	5	1	двусторонних
4548	5	1	девять
4549	5	1	действующим
4550	5	1	действующих
4551	5	1	декларации
4552	5	1	демин
4553	5	1	демонстрация
4554	5	1	денежные
4555	5	1	деньгин
4556	5	1	депутат-единоросс
4557	5	1	депутатом
4558	5	1	депутатскую
4559	5	1	диверсификации
4560	5	1	длинных
4561	5	1	длиной
4562	5	1	дмитрием
4563	5	1	добиваться
4564	5	1	доверие
4565	5	1	доказательства
4566	5	1	докапитализация
4567	5	1	долгам
4568	5	1	долгосрочных
4569	5	1	должностных
4570	5	1	дома
4571	5	1	донбассу
4572	5	1	донинвест
4573	5	1	дорого
4574	5	1	дочек
4575	5	1	дочка
4576	5	1	дочке
4577	5	1	друга
4578	5	1	едва
4579	5	1	железнодорожные
4580	5	1	заводов
4581	5	1	заем
4582	5	1	заемный
4583	5	1	заемщик
4584	5	1	заимствованиям
4585	5	1	заинтересован
4586	5	1	заинтересована
4587	5	1	заключает
4588	5	1	заключению
4589	5	1	законов
4590	5	1	законодательство
4591	5	1	закредитованности
4592	5	1	закрыт
4593	5	1	заместителей
4594	5	1	заморожены
4595	5	1	заморозить
4596	5	1	замсекретаря
4597	5	1	заниженной
4598	5	1	западный
4599	5	1	западным
4600	5	1	запланирован
4601	5	1	заполярье
4602	5	1	запретил
4603	5	1	запретом
4604	5	1	запрещен
4605	5	1	запрещенных
4606	5	1	запуска
4607	5	1	запуске
4608	5	1	зарубежные
4609	5	1	заставили
4610	5	1	захотят
4611	5	1	заявить
4612	5	1	заявлений
4613	5	1	заявлению
4614	5	1	зеленых
4615	5	1	земельных
4616	5	1	знакомые
4617	5	1	значения
4618	5	1	значится
4619	5	1	золота
4620	5	1	зона
4621	5	1	зотова
4622	5	1	избирательного
4623	5	1	избирательные
4624	5	1	избранный
4625	5	1	изместьев
4626	5	1	ильюшин
4627	5	1	имеющих
4628	5	1	импорте
4629	5	1	импортозамещение
4630	5	1	импортозамещения
4631	5	1	инвестбанка
4632	5	1	инвестирования
4633	5	1	инвестиционных
4634	5	1	институтов
4635	5	1	инструментов
4636	5	1	интереса
4637	5	1	интересны
4638	5	1	интернете
4639	5	1	интерфакс-цэа
4640	5	1	инфраструктурных
4641	5	1	иным
4642	5	1	иных
4643	5	1	иске
4644	5	1	использовано
4645	5	1	использованы
4646	5	1	испытывают
4647	5	1	исследования
4648	5	1	исторически
4649	5	1	каждого
4650	5	1	каждой
4651	5	1	казалось
4652	5	1	каких-то
4653	5	1	каналы
4654	5	1	каникулах
4655	5	1	капиталов
4656	5	1	капиталом
4657	5	1	кипра
4658	5	1	класса
4659	5	1	кластера
4660	5	1	ключевая
4661	5	1	коллегии
4662	5	1	коммерческих
4663	5	1	коммунистов
4664	5	1	конвенции
4665	5	1	конгресса
4666	5	1	конденсата
4667	5	1	конкретном
4668	5	1	конкуренция
4669	5	1	конкурсной
4670	5	1	консорциум
4671	5	1	конституции
4672	5	1	контролировать
4673	5	1	контролю
4674	5	1	конфликту
4675	5	1	концепции
4676	5	1	корзине
4677	5	1	корпоративные
4678	5	1	корпоративными
4679	5	1	корпуса
4680	5	1	коррупционных
4681	5	1	корсчета
4682	5	1	коснутся
4683	5	1	красноярского
4684	5	1	краткосрочной
4685	5	1	крест
4686	5	1	критической
4687	5	1	кругу
4688	5	1	крупнейшей
4689	5	1	курсе
4690	5	1	лебедева
4691	5	1	легитимность
4692	5	1	легче
4693	5	1	лимит
4694	5	1	личных
4695	5	1	лишен
4696	5	1	лоукостера
4697	5	1	луганска
4698	5	1	лучших
4699	5	1	льготы
4700	5	1	любая
4701	5	1	любых
4702	5	1	май
4703	5	1	марок
4704	5	1	машовец
4705	5	1	медицинского
4706	5	1	мельконьянц
4707	5	1	меморандума
4708	5	1	меньшей
4709	5	1	местной
4710	5	1	местным
4711	5	1	металлургический
4712	5	1	метельский
4713	5	1	методов
4714	5	1	метрополитена
4715	5	1	миллиардера
4716	5	1	минимально
4717	5	1	минимальный
4718	5	1	министру
4719	5	1	минкрыма
4720	5	1	минтруд
4721	5	1	минтруда
4722	5	1	минувшую
4723	5	1	минфином
4724	5	1	мировым
4725	5	1	мировых
4726	5	1	миссии
4727	5	1	модернизацию
4728	5	1	молодой
4729	5	1	монополий
4730	5	1	монополия
4731	5	1	мосгоризбиркома
4732	5	1	московских
4733	5	1	мощностей
4734	5	1	мощности
4735	5	1	муниципалитетов
4736	5	1	муниципального
4737	5	1	наблюдательный
4738	5	1	надеемся
4739	5	1	надеется
4740	5	1	надежда
4741	5	1	назначении
4742	5	1	называть
4743	5	1	накопительная
4744	5	1	наличной
4745	5	1	налоговыми
4746	5	1	намерение
4747	5	1	написали
4748	5	1	направлений
4749	5	1	направлениям
4750	5	1	наращивания
4751	5	1	настаивать
4752	5	1	находящиеся
4753	5	1	началось
4754	5	1	наше
4755	5	1	нашего
4756	5	1	невзлин
4757	5	1	негативного
4758	5	1	негативную
4759	5	1	недоступен
4760	5	1	недр
4761	5	1	нежелание
4762	5	1	незначительно
4763	5	1	некоторым
4764	5	1	необходимого
4765	5	1	нерыночных
4766	5	1	несколькими
4767	5	1	нефтепродукты
4768	5	1	неясно
4769	5	1	нижней
4770	5	1	низкие
4771	5	1	низким
4772	5	1	низких
4773	5	1	николая
4774	5	1	нитки
4775	5	1	ничто
4776	5	1	новость
4777	5	1	норм
4778	5	1	норма
4779	5	1	нп
4780	5	1	нравится
4781	5	1	нсп
4782	5	1	нужен
4783	5	1	нынешнем
4784	5	1	обвинениями
4785	5	1	обещал
4786	5	1	обновление
4787	5	1	обоих
4788	5	1	оборудование
4789	5	1	обратил
4790	5	1	обратного
4791	5	1	обращает
4792	5	1	обращался
4793	5	1	обслуживать
4794	5	1	обстоятельств
4795	5	1	обстоятельства
4796	5	1	обсуждалось
4797	5	1	обсуждают
4798	5	1	обусловлен
4799	5	1	общественная
4800	5	1	объединить
4801	5	1	объему
4802	5	1	объявлен
4803	5	1	объявления
4804	5	1	объявлены
4805	5	1	объяснили
4806	5	1	обыски
4807	5	1	обязанностей
4808	5	1	обязательно
4809	5	1	обязательной
4810	5	1	обязательном
4811	5	1	обязать
4812	5	1	ограничен
4813	5	1	одежды
4814	5	1	одномандатным
4815	5	1	одобрение
4816	5	1	одобрения
4817	5	1	одобрила
4818	5	1	озабоченность
4819	5	1	округам
4820	5	1	округов
4821	5	1	оон
4822	5	1	опасаются
4823	5	1	опасность
4824	5	1	операционные
4825	5	1	ополченцами
4826	5	1	определенно
4827	5	1	оптимизация
4828	5	1	опубликованном
4829	5	1	опубликованы
4830	5	1	опытные
4831	5	1	организаторов
4832	5	1	организациями
4833	5	1	оружия
4834	5	1	освободили
4835	5	1	основана
4836	5	1	остатки
4837	5	1	остаться
4838	5	1	островах
4839	5	1	осуществляет
4840	5	1	осуществляется
4841	5	1	отвечал
4842	5	1	отзыв
4843	5	1	отзыве
4844	5	1	отказа
4845	5	1	отказе
4846	5	1	отказываться
4847	5	1	отставке
4848	5	1	отставку
4849	5	1	отсутствия
4850	5	1	офиса
4851	5	1	официальная
4852	5	1	официальному
4853	5	1	оформить
4854	5	1	охраны
4855	5	1	оценивается
4856	5	1	оценивают
4857	5	1	оцениваются
4858	5	1	оценить
4859	5	1	очереди
4860	5	1	падению
4861	5	1	параллельно
4862	5	1	парламентских
4863	5	1	партнерам
4864	5	1	пассивы
4865	5	1	пекине
4866	5	1	передали
4867	5	1	передачей
4868	5	1	перейти
4869	5	1	перемены
4870	5	1	перемирия
4871	5	1	перехода
4872	5	1	печора
4873	5	1	печоры
4874	5	1	пирамид
4875	5	1	писала
4876	5	1	планируют
4877	5	1	платеж
4878	5	1	платежных
4879	5	1	платит
4880	5	1	плату
4881	5	1	плохой
4882	5	1	площади
4883	5	1	повестке
4884	5	1	повестку
4885	5	1	повлечет
4886	5	1	поворот
4887	5	1	повышением
4888	5	1	погашение
4889	5	1	подавляющее
4890	5	1	подвижной
4891	5	1	подготовка
4892	5	1	подгузов
4893	5	1	поддержала
4894	5	1	подсчитал
4895	5	1	поздняков
4896	5	1	показали
4897	5	1	покинул
4898	5	1	покупают
4899	5	1	полеты
4900	5	1	политическими
4901	5	1	полищук
4902	5	1	полную
4903	5	1	положении
4904	5	1	полтора-два
4905	5	1	полуостров
4906	5	1	пользуются
4907	5	1	помогли
4908	5	1	понимает
4909	5	1	понимаю
4910	5	1	попадают
4911	5	1	попасть
4912	5	1	попытка
4913	5	1	порт
4914	5	1	поручил
4915	5	1	посетить
4916	5	1	последнем
4917	5	1	последует
4918	5	1	поступило
4919	5	1	потенциала
4920	5	1	потенциально
4921	5	1	потенциальный
4922	5	1	потерял
4923	5	1	потребителя
4924	5	1	потребления
4925	5	1	потребности
4926	5	1	потребовать
4927	5	1	пошлин
4928	5	1	появилось
4929	5	1	праве
4930	5	1	правильно
4931	5	1	правонарушениях
4932	5	1	практика
4933	5	1	практику
4934	5	1	превысить
4935	5	1	превышать
4936	5	1	преддверии
4937	5	1	предлагаемые
4938	5	1	предположение
4939	5	1	предпочитают
4940	5	1	председателю
4941	5	1	представления
4942	5	1	представляли
4943	5	1	предупредил
4944	5	1	предупредила
4945	5	1	предупреждал
4946	5	1	предупреждают
4947	5	1	предупреждение
4948	5	1	предъявлено
4949	5	1	предыдущие
4950	5	1	президенты
4951	5	1	прекратил
4952	5	1	преследование
4953	5	1	претендентов
4954	5	1	приватбанк
4955	5	1	привлечение
4956	5	1	привлечением
4957	5	1	привыкли
4958	5	1	приговор
4959	5	1	придерживается
4960	5	1	прием
4961	5	1	призвана
4962	5	1	приказ
4963	5	1	применения
4964	5	1	принимают
4965	5	1	принимаются
4966	5	1	принципы
4967	5	1	принятые
4968	5	1	приобрела
4969	5	1	приобретения
4970	5	1	природного
4971	5	1	присутствовали
4972	5	1	прихода
4973	5	1	причитается
4974	5	1	проблемами
4975	5	1	проведет
4976	5	1	проверка
4977	5	1	проверять
4978	5	1	проводились
4979	5	1	прогнозам
4980	5	1	прогнозирования
4981	5	1	прогнозом
4982	5	1	проголосовать
4983	5	1	программ
4984	5	1	продано
4985	5	1	продлении
4986	5	1	продовольственных
4987	5	1	продолжают
4988	5	1	продукцию
4989	5	1	пройдут
4990	5	1	прокуратуре
4991	5	1	прокурор
4992	5	1	промсвязьбанка
4993	5	1	проработать
4994	5	1	просроченной
4995	5	1	протесты
4996	5	1	противном
4997	5	1	профильного
4998	5	1	проходить
4999	5	1	прохождения
5000	5	1	прошлых
5001	5	1	прямой
5002	5	1	прямые
5003	5	1	пурпе
5004	5	1	пятой
5005	5	1	пятый
5006	5	1	равнялся
5007	5	1	развивается
5008	5	1	разин
5009	5	1	различных
5010	5	1	разногласия
5011	5	1	районы
5012	5	1	ран
5013	5	1	распространить
5014	5	1	рассматривалась
5015	5	1	рассматриваться
5016	5	1	рассматриваются
5017	5	1	рахимов
5018	5	1	реагирует
5019	5	1	реализация
5020	5	1	реальную
5021	5	1	реверсными
5022	5	1	регионами
5023	5	1	регулировать
5024	5	1	регулярно
5025	5	1	редактор
5026	5	1	резерва
5027	5	1	рефинансировать
5028	5	1	реформе
5029	5	1	реформу
5030	5	1	решила
5031	5	1	розничным
5032	5	1	росс
5033	5	1	россельхозбанка
5034	5	1	ростеха
5035	5	1	рпр-парнас
5036	5	1	рубежа
5037	5	1	руднев
5038	5	1	руки
5039	5	1	руслан
5040	5	1	савельев
5041	5	1	самарской
5042	5	1	самовыдвиженцев
5043	5	1	санации
5044	5	1	санкциям
5045	5	1	сахалинской
5046	5	1	сбербанку
5047	5	1	сбросов
5048	5	1	связан
5049	5	1	связывают
5050	5	1	сегодняшний
5051	5	1	сектору
5052	5	1	серьезной
5053	5	1	сеть
5054	5	1	сильный
5055	5	1	скорби
5056	5	1	следующей
5057	5	1	слов
5058	5	1	сложилась
5059	5	1	сложной
5060	5	1	случаев
5061	5	1	случилось
5062	5	1	сможем
5063	5	1	снижаться
5064	5	1	снижении
5065	5	1	снизится
5066	5	1	снять
5067	5	1	собственность
5068	5	1	совкомбанка
5069	5	1	совместное
5070	5	1	совместных
5071	5	1	согласование
5072	5	1	содержание
5073	5	1	содержится
5074	5	1	создают
5075	5	1	сознательно
5076	5	1	сократила
5077	5	1	сократилось
5078	5	1	сокращении
5079	5	1	солдат
5080	5	1	сообщение
5081	5	1	сообщению
5082	5	1	сообществом
5083	5	1	соотношение
5084	5	1	сопротивления
5085	5	1	сосредоточиться
5086	5	1	составляло
5087	5	1	составляющая
5088	5	1	состояния
5089	5	1	сохраняет
5090	5	1	социальной
5091	5	1	социальный
5092	5	1	союз
5093	5	1	специалисты
5094	5	1	спискам
5095	5	1	способность
5096	5	1	способы
5097	5	1	сравнивать
5098	5	1	стабилизации
5099	5	1	стажа
5100	5	1	стандарт
5101	5	1	статей
5102	5	1	стоить
5103	5	1	сторонам
5104	5	1	сторонники
5105	5	1	стражу
5106	5	1	стратегических
5107	5	1	страховании
5108	5	1	стригино
5109	5	1	строительстве
5110	5	1	структурами
5111	5	1	структурные
5112	5	1	судами
5113	5	1	судах
5114	5	1	судебный
5115	5	1	судоремонтного
5116	5	1	судьбу
5117	5	1	существенная
5118	5	1	существенную
5119	5	1	существенные
5120	5	1	существенный
5121	5	1	существуют
5122	5	1	существующих
5123	5	1	сферу
5124	5	1	сформулировать
5125	5	1	схемы
5126	5	1	счетная
5127	5	1	считаем
5128	5	1	считали
5129	5	1	сын
5130	5	1	сырья
5131	5	1	такова
5132	5	1	такому
5133	5	1	такси
5134	5	1	текущая
5135	5	1	телеканалу
5136	5	1	теме
5137	5	1	тенденции
5138	5	1	тенденцию
5139	5	1	тенденция
5140	5	1	территориальной
5141	5	1	территориальных
5142	5	1	территориях
5143	5	1	технический
5144	5	1	тик
5145	5	1	топ-менеджера
5146	5	1	топ-менеджеры
5147	5	1	траст
5148	5	1	трат
5149	5	1	требовать
5150	5	1	требуется
5151	5	1	трети
5152	5	1	третья
5153	5	1	трехсторонней
5154	5	1	трудности
5155	5	1	турция
5156	5	1	тысячи
5157	5	1	тяжелой
5158	5	1	увеличении
5159	5	1	увеличивает
5160	5	1	увеличился
5161	5	1	уголовном
5162	5	1	удорожание
5163	5	1	узнали
5164	5	1	уйдет
5165	5	1	указали
5166	5	1	указывается
5167	5	1	украинскими
5168	5	1	уплате
5169	5	1	упоминается
5170	5	1	управлению
5171	5	1	управлять
5172	5	1	уралкалия
5173	5	1	усилий
5174	5	1	условно
5175	5	1	уставного
5176	5	1	устанавливает
5177	5	1	уступки
5178	5	1	ухода
5179	5	1	уходит
5180	5	1	участвовавший
5181	5	1	участвовал
5182	5	1	участвовали
5183	5	1	участвует
5184	5	1	участке
5185	5	1	учитывать
5186	5	1	учитывают
5187	5	1	уэльсе
5188	5	1	фактах
5189	5	1	флот
5190	5	1	фондирование
5191	5	1	формат
5192	5	1	формате
5193	5	1	формировании
5194	5	1	формирований
5195	5	1	формулировки
5196	5	1	форум
5197	5	1	фосагро
5198	5	1	франция
5199	5	1	французской
5200	5	1	фронт
5201	5	1	фррн
5202	5	1	фсс
5203	5	1	хабаровском
5204	5	1	хамитов
5205	5	1	хищении
5206	5	1	хозяйства
5207	5	1	хозяйство
5208	5	1	целей
5209	5	1	ценах
5210	5	1	церкви
5211	5	1	частный
5212	5	1	частным
5213	5	1	частью
5214	5	1	числах
5215	5	1	читать
5216	5	1	шагом
5217	5	1	шельфа
5218	5	1	шельфовых
5219	5	1	шло
5220	5	1	штат
5221	5	1	эдуард
5222	5	1	экономическую
5223	5	1	экономразвития
5224	5	1	экс-сенатора
5225	5	1	эксперта
5226	5	1	эльгинскому
5227	5	1	энтузиазма
5228	5	1	эскалация
5229	5	1	юго-востока
5230	5	1	юридического
5231	5	1	явки
5232	5	1	языка
5233	5	1	якунина
5234	5	1	якутия
5235	5	1	японских
5236	5	1	японского
5237	5	1	ярмольника
