#Total No. of N-Gram Types: 1297
#Total No. of N-Gram Tokens: 44310
3	1411	1	я
4	1164	1	вот
5	1161	1	ну
8	951	1	а
9	937	1	это
10	797	1	на
11	670	1	там
12	615	1	да
13	574	1	у
14	561	1	как
15	469	1	с
16	455	1	мы
17	444	1	так
18	434	1	ты
19	387	1	то
20	376	1	очень
21	366	1	есть
22	354	1	но
23	333	1	мне
24	317	1	было
25	317	1	он
26	290	1	меня
27	290	1	нет
28	286	1	все
29	269	1	они
30	232	1	когда
31	232	1	она
32	230	1	потому
33	229	1	нас
34	224	1	по
35	215	1	просто
36	212	1	-
37	211	1	уже
38	210	1	бы
39	204	1	к
40	202	1	нрзб
41	187	1	знаю
42	185	1	э
43	184	1	потом
44	179	1	вообще
45	175	1	из
46	169	1	всё
47	165	1	же
48	160	1	была
49	156	1	ещё
50	156	1	за
51	156	1	или
52	153	1	еще
53	148	1	был
54	142	1	тоже
55	141	1	такой
56	140	1	если
57	139	1	эээ
58	127	1	сейчас
59	123	1	смех
60	116	1	о
61	116	1	про
62	115	1	были
63	114	1	такая
64	113	1	даже
65	113	1	его
66	110	1	их
67	108	1	значит
68	108	1	тебе
69	104	1	общем
70	103	1	раз
71	103	1	ээ
72	101	1	типа
73	99	1	как-то
74	99	1	чтобы
75	96	1	тебя
76	95	1	для
77	95	1	до
78	95	1	конечно
79	93	1	много
80	92	1	надо
81	91	1	вы
82	91	1	может
83	91	1	что-то
84	90	1	короче
85	90	1	только
86	85	1	которые
87	85	1	можно
88	82	1	этот
89	80	1	будет
90	80	1	такое
91	78	1	больше
92	77	1	три
93	76	1	быть
94	76	1	говорят
95	76	1	от
96	76	1	такие
97	76	1	хорошо
98	73	1	нам
99	73	1	поэтому
100	71	1	тут
101	69	1	самом
102	67	1	этом
103	66	1	лет
104	65	1	думаю
105	64	1	тогда
106	63	1	время
107	63	1	где
108	63	1	деле
109	63	1	ничего
110	63	1	помню
111	63	1	пять
112	62	1	наверное
113	62	1	чем
114	60	1	этого
115	58	1	два
116	58	1	сказать
117	57	1	угу
118	56	1	который
119	55	1	какой-то
120	55	1	кстати
121	54	1	эти
122	53	1	люди
123	52	1	здесь
124	52	1	ладно
125	52	1	например
126	51	1	ни
127	51	1	почему
128	50	1	день
129	50	1	кто
130	50	1	ммм
131	50	1	него
132	50	1	один
133	50	1	человек
134	50	1	этой
135	49	1	всегда
136	49	1	какие-то
137	49	1	минут
138	49	1	прямо
139	48	1	туда
140	48	1	хотя
141	47	1	одновременно
142	47	1	себе
143	46	1	знаешь
144	46	1	кажется
145	46	1	получается
146	46	1	эм
147	45	1	того
148	45	1	эту
149	44	1	сколько
150	43	1	нужно
151	43	1	по-моему
152	43	1	том
153	42	1	говорит
154	42	1	говорю
155	42	1	которая
156	42	1	них
157	42	1	через
158	41	1	давай
159	41	1	ли
160	41	1	школу
161	40	1	всего
162	40	1	говорить
163	40	1	делать
164	40	1	именно
165	40	1	ой
166	40	1	эта
167	39	1	двадцать
168	39	1	её
169	39	1	людей
170	39	1	могу
171	39	1	после
172	39	1	со
173	38	1	блин
174	38	1	достаточно
175	38	1	ее
176	38	1	жизни
177	38	1	тем
178	37	1	мой
179	37	1	пока
180	36	1	года
181	36	1	одна
182	36	1	хочу
183	35	1	всех
184	35	1	какие
185	35	1	себя
186	35	1	этим
187	34	1	ага
188	34	1	б
189	34	1	без
190	34	1	где-то
191	34	1	кто-то
192	34	1	люблю
193	34	1	мама
194	34	1	мм
195	34	1	нравится
196	34	1	теперь
197	33	1	аа
198	33	1	две
199	33	1	четыре
200	32	1	буду
201	32	1	ему
202	31	1	ааа
203	31	1	во
204	31	1	вроде
205	31	1	дело
206	31	1	иногда
207	31	1	при
208	31	1	спасибо
209	30	1	нормально
210	30	1	расскажи
211	29	1	вам
212	29	1	первый
213	29	1	под
214	29	1	сам
215	29	1	сама
216	29	1	сделать
217	29	1	хотела
218	28	1	детей
219	28	1	ездили
220	28	1	обычно
221	28	1	понравилось
222	28	1	совсем
223	28	1	соответственно
224	27	1	им
225	27	1	интересно
226	27	1	каждый
227	27	1	какая-то
228	27	1	можешь
229	27	1	моя
230	27	1	оно
231	27	1	слова
232	27	1	хочется
233	26	1	ей
234	26	1	между
235	26	1	самое
236	26	1	смысле
237	26	1	хочешь
238	25	1	всякие
239	25	1	жизнь
240	25	1	какой
241	25	1	лучше
242	25	1	опять
243	25	1	плюс
244	25	1	рассказать
245	24	1	вопрос
246	24	1	господи
247	24	1	нее
248	24	1	понятно
249	24	1	принципе
250	24	1	своей
251	24	1	сегодня
252	24	1	шесть
253	23	1	времени
254	23	1	далее
255	23	1	деньги
256	23	1	дома
257	23	1	класс
258	23	1	либо
259	23	1	м
260	23	1	наверно
261	23	1	называется
262	23	1	некоторые
263	23	1	равно
264	23	1	таких
265	23	1	такого
266	22	1	большой
267	22	1	дальше
268	22	1	дети
269	22	1	ней
270	22	1	часов
271	22	1	чего
272	22	1	чтоб
273	22	1	школе
274	21	1	год
275	21	1	долго
276	21	1	жить
277	21	1	куда
278	21	1	несколько
279	21	1	помнишь
280	21	1	прям
281	21	1	свою
282	21	1	тобой
283	21	1	хоть
284	21	1	что-нибудь
285	21	1	язык
286	20	1	г
287	20	1	друг
288	20	1	другой
289	20	1	думала
290	20	1	жили
291	20	1	места
292	20	1	никто
293	20	1	свой
294	20	1	те
295	20	1	тридцать
296	19	1	бабушка
297	19	1	более
298	19	1	вечером
299	19	1	говоря
300	19	1	допустим
301	19	1	зачем
302	19	1	место
303	19	1	нельзя
304	19	1	немножко
305	19	1	ним
306	19	1	одной
307	19	1	работать
308	19	1	слишком
309	19	1	слово
310	19	1	стоит
311	19	1	тот
312	19	1	хотел
313	19	1	час
314	18	1	весь
315	18	1	все-таки
316	18	1	второй
317	18	1	денег
318	18	1	дом
319	18	1	итоге
320	18	1	кому
321	18	1	москве
322	18	1	по-другому
323	18	1	понимаю
324	18	1	пор
325	18	1	поскольку
326	18	1	приехали
327	18	1	проблемы
328	18	1	разных
329	18	1	русский
330	18	1	сильно
331	18	1	сначала
332	18	1	стороны
333	18	1	тему
334	18	1	учиться
335	18	1	фильм
336	18	1	этих
337	17	1	будут
338	17	1	возможно
339	17	1	всем
340	17	1	говоришь
341	17	1	году
342	17	1	давайте
343	17	1	дня
344	17	1	заниматься
345	17	1	зовут
346	17	1	какое-то
347	17	1	какую-то
348	17	1	могут
349	17	1	моей
350	17	1	начал
351	17	1	неё
352	17	1	никогда
353	17	1	получилось
354	17	1	пошла
355	17	1	разные
356	17	1	самый
357	17	1	стал
358	17	1	учитель
359	17	1	ходила
360	17	1	человека
361	16	1	вместе
362	16	1	выборы
363	16	1	довольно
364	16	1	другие
365	16	1	естественно
366	16	1	москвы
367	16	1	наш
368	16	1	наша
369	16	1	особенно
370	16	1	перед
371	16	1	пожалуйста
372	16	1	правда
373	16	1	раньше
374	16	1	реально
375	16	1	родители
376	16	1	сказал
377	16	1	совершенно
378	16	1	сразу
379	16	1	уж
380	16	1	ходили
381	16	1	читать
382	16	1	чём
383	16	1	школа
384	16	1	языке
385	15	1	будешь
386	15	1	вас
387	15	1	видео
388	15	1	да-да-да
389	15	1	десять
390	15	1	должен
391	15	1	ж
392	15	1	играть
393	15	1	какой-нибудь
394	15	1	классе
395	15	1	которой
396	15	1	метро
397	15	1	минуты
398	15	1	момент
399	15	1	одно
400	15	1	одну
401	15	1	окей
402	15	1	поехали
403	15	1	понял
404	15	1	поняла
405	15	1	почему-то
406	15	1	свои
407	15	1	семь
408	15	1	семьи
409	15	1	сих
410	15	1	смотрю
411	15	1	точно
412	14	1	вещи
413	14	1	вся
414	14	1	главное
415	14	1	говори
416	14	1	девять
417	14	1	дела
418	14	1	должны
419	14	1	домой
420	14	1	других
421	14	1	из-за
422	14	1	которую
423	14	1	любит
424	14	1	мои
425	14	1	надеюсь
426	14	1	нашей
427	14	1	наши
428	14	1	новый
429	14	1	пятнадцать
430	14	1	россии
431	14	1	собственно
432	14	1	стать
433	14	1	сюда
434	14	1	утра
435	14	1	хотелось
436	14	1	што
437	14	1	э-э
438	13	1	большая
439	13	1	бывает
440	13	1	видимо
441	13	1	всю
442	13	1	говорила
443	13	1	другую
444	13	1	думаешь
445	13	1	завтра
446	13	1	идти
447	13	1	какие-нибудь
448	13	1	каким-то
449	13	1	каких-то
450	13	1	кешью
451	13	1	кого
452	13	1	концерт
453	13	1	маленький
454	13	1	мало
455	13	1	мать
456	13	1	машина
457	13	1	месте
458	13	1	море
459	13	1	начала
460	13	1	основном
461	13	1	первой
462	13	1	пойти
463	13	1	постоянно
464	13	1	привет
465	13	1	рублей
466	13	1	сижу
467	13	1	сказали
468	13	1	скорее
469	13	1	смотреть
470	13	1	спать
471	13	1	специально
472	13	1	твои
473	13	1	учились
474	13	1	ходить
475	13	1	честно
476	13	1	школы
477	13	1	языка
478	12	1	вдруг
479	12	1	весело
480	12	1	восемь
481	12	1	говорил
482	12	1	говорили
483	12	1	давно
484	12	1	делали
485	12	1	делаю
486	12	1	детстве
487	12	1	друзья
488	12	1	знает
489	12	1	идет
490	12	1	кем
491	12	1	кроме
492	12	1	круто
493	12	1	купил
494	12	1	купить
495	12	1	меньше
496	12	1	минус
497	12	1	многие
498	12	1	над
499	12	1	наоборот
500	12	1	наших
501	12	1	недавно
502	12	1	нравятся
503	12	1	плане
504	12	1	плохо
505	12	1	поговорить
506	12	1	почти
507	12	1	пошли
508	12	1	работы
509	12	1	решил
510	12	1	своим
511	12	1	своих
512	12	1	семье
513	12	1	семья
514	12	1	серьезно
515	12	1	сложно
516	12	1	смешно
517	12	1	собой
518	12	1	спокойно
519	12	1	улице
520	12	1	часть
521	11	1	берег
522	11	1	будто
523	11	1	быстро
524	11	1	взял
525	11	1	во-первых
526	11	1	всеми
527	11	1	давали
528	11	1	девочка
529	11	1	девяносто
530	11	1	действительно
531	11	1	другое
532	11	1	здорово
533	11	1	знаете
534	11	1	знала
535	11	1	какая
536	11	1	квартиру
537	11	1	классно
538	11	1	которое
539	11	1	куча
540	11	1	летом
541	11	1	любят
542	11	1	машины
543	11	1	мир
544	11	1	можем
545	11	1	найти
546	11	1	об
547	11	1	общем-то
548	11	1	отец
549	11	1	писала
550	11	1	понимаешь
551	11	1	посмотреть
552	11	1	пошел
553	11	1	прошли
554	11	1	работа
555	11	1	работу
556	11	1	сами
557	11	1	связи
558	11	1	скажем
559	11	1	смеётся
560	11	1	страны
561	11	1	считаю
562	11	1	таким
563	11	1	темы
564	11	1	тому
565	11	1	тысячи
566	11	1	утром
567	11	1	училась
568	11	1	холодно
569	11	1	хорошие
570	11	1	хотели
571	11	1	часто
572	10	1	--
573	10	1	бывают
574	10	1	взять
575	10	1	вкус
576	10	1	вопросы
577	10	1	восемьдесят
578	10	1	город
579	10	1	двух
580	10	1	девочки
581	10	1	длинные
582	10	1	дней
583	10	1	должна
584	10	1	ехать
585	10	1	забыл
586	10	1	иии
587	10	1	интересные
588	10	1	какое
589	10	1	картинка
590	10	1	кашель
591	10	1	квартире
592	10	1	ко
593	10	1	лиля
594	10	1	менее
595	10	1	мной
596	10	1	назад
597	10	1	написано
598	10	1	народ
599	10	1	начали
600	10	1	нем
601	10	1	нуу
602	10	1	области
603	10	1	образом
604	10	1	обратно
605	10	1	озеро
606	10	1	пол
607	10	1	прикольно
608	10	1	пришла
609	10	1	работает
610	10	1	расскажу
611	10	1	рассказывала
612	10	1	ребята
613	10	1	своё
614	10	1	сказала
615	10	1	слушай
616	10	1	смешок
617	10	1	смотри
618	10	1	собака
619	10	1	стали
620	10	1	стало
621	10	1	хороший
622	10	1	хотят
623	10	1	чуть
624	10	1	является
625	9	1	абсолютно
626	9	1	берут
627	9	1	большое
628	9	1	брали
629	9	1	будем
630	9	1	ведет
631	9	1	видел
632	9	1	видишь
633	9	1	вокруг
634	9	1	города
635	9	1	городе
636	9	1	двенадцать
637	9	1	двести
638	9	1	другом
639	9	1	едем
640	9	1	женщина
641	9	1	живут
642	9	1	жил
643	9	1	институте
644	9	1	историю
645	9	1	какими-то
646	9	1	когда-то
647	9	1	кошки
648	9	1	кхм
649	9	1	маленькая
650	9	1	машине
651	9	1	мое
652	9	1	можете
653	9	1	москву
654	9	1	нами
655	9	1	насколько
656	9	1	невозможно
657	9	1	непонятно
658	9	1	нечего
659	9	1	никаких
660	9	1	отношение
661	9	1	отношения
662	9	1	папа
663	9	1	пару
664	9	1	подожди
665	9	1	половиной
666	9	1	примерно
667	9	1	причем
668	9	1	пришлось
669	9	1	пятьдесят
670	9	1	раза
671	9	1	решили
672	9	1	руки
673	9	1	рядом
674	9	1	ситуация
675	9	1	следующий
676	9	1	смеется
677	9	1	смесь
678	9	1	стала
679	9	1	столько
680	9	1	страна
681	9	1	также
682	9	1	такую
683	9	1	танцами
684	9	1	твой
685	9	1	твоя
686	9	1	текст
687	9	1	тяжело
688	9	1	учителя
689	9	1	ушли
690	9	1	хорошая
691	9	1	хочет
692	9	1	чай
693	9	1	часа
694	9	1	эмм
695	9	1	этому
696	8	1	а-а
697	8	1	английский
698	8	1	безусловно
699	8	1	белоруссии
700	8	1	брат
701	8	1	брать
702	8	1	брови
703	8	1	вертолет
704	8	1	взяли
705	8	1	втором
706	8	1	грустно
707	8	1	грустный
708	8	1	далеко
709	8	1	дают
710	8	1	дверь
711	8	1	друга
712	8	1	друзей
713	8	1	егэ
714	8	1	замечательно
715	8	1	занимается
716	8	1	зимой
717	8	1	зрения
718	8	1	иду
719	8	1	имеет
720	8	1	интересного
721	8	1	интересный
722	8	1	использовать
723	8	1	история
724	8	1	италии
725	8	1	казалось
726	8	1	каком-то
727	8	1	колесико
728	8	1	компании
729	8	1	которых
730	8	1	купила
731	8	1	лично
732	8	1	любишь
733	8	1	любовь
734	8	1	любой
735	8	1	людям
736	8	1	лёва
737	8	1	маленькие
738	8	1	мамой
739	8	1	мемы
740	8	1	многих
741	8	1	могла
742	8	1	модель
743	8	1	моих
744	8	1	начале
745	8	1	немного
746	8	1	нему
747	8	1	неплохо
748	8	1	неудобно
749	8	1	никак
750	8	1	никит
751	8	1	ними
752	8	1	ночь
753	8	1	нужен
754	8	1	обязательно
755	8	1	одиннадцать
756	8	1	одном
757	8	1	около
758	8	1	опыт
759	8	1	особо
760	8	1	осталось
761	8	1	паре
762	8	1	поехал
763	8	1	получил
764	8	1	практически
765	8	1	придется
766	8	1	приехал
767	8	1	прихожу
768	8	1	пришел
769	8	1	путь
770	8	1	работала
771	8	1	разговор
772	8	1	районе
773	8	1	рано
774	8	1	речь
775	8	1	решила
776	8	1	родителей
777	8	1	роман
778	8	1	сделал
779	8	1	сделали
780	8	1	смотрел
781	8	1	смотрела
782	8	1	сожалению
783	8	1	среди
784	8	1	сто
785	8	1	студентов
786	8	1	типо
787	8	1	умер
788	8	1	учился
789	8	1	учится
790	8	1	ха-ха-ха
791	8	1	ходят
792	8	1	целый
793	8	1	части
794	8	1	эт
795	8	1	ясно
796	7	1	бабушкой
797	7	1	боже
798	7	1	буквы
799	7	1	вечера
800	7	1	вещей
801	7	1	взяла
802	7	1	видно
803	7	1	вышел
804	7	1	говорим
805	7	1	готов
806	7	1	готовили
807	7	1	да-да
808	7	1	двери
809	7	1	делаешь
810	7	1	детство
811	7	1	детьми
812	7	1	друзьями
813	7	1	единственное
814	7	1	ездить
815	7	1	ехали
816	7	1	женщины
817	7	1	живёт
818	7	1	забыла
819	7	1	задание
820	7	1	затем
821	7	1	звук
822	7	1	земли
823	7	1	знал
824	7	1	идут
825	7	1	изначально
826	7	1	карл
827	7	1	километров
828	7	1	короткий
829	7	1	котором
830	7	1	красивый
831	7	1	куда-нибудь
832	7	1	лагеря
833	7	1	минимум
834	7	1	мог
835	7	1	настолько
836	7	1	началась
837	7	1	начинается
838	7	1	наше
839	7	1	нашем
840	7	1	нашли
841	7	1	недели
842	7	1	неделю
843	7	1	ненавижу
844	7	1	нету
845	7	1	новые
846	7	1	номер
847	7	1	общаться
848	7	1	одни
849	7	1	остался
850	7	1	остальное
851	7	1	парень
852	7	1	первую
853	7	1	перевести
854	7	1	переехали
855	7	1	получится
856	7	1	понравилась
857	7	1	понравились
858	7	1	попал
859	7	1	последний
860	7	1	пошёл
861	7	1	пришли
862	7	1	проблема
863	7	1	происходит
864	7	1	против
865	7	1	прошло
866	7	1	пусть
867	7	1	пытаюсь
868	7	1	рассказывали
869	7	1	ребенок
870	7	1	ребят
871	7	1	секунд
872	7	1	система
873	7	1	скажи
874	7	1	скоро
875	7	1	слов
876	7	1	становится
877	7	1	стоят
878	7	1	стране
879	7	1	та
880	7	1	точнее
881	7	1	троих
882	7	1	троллейбус
883	7	1	увидел
884	7	1	улица
885	7	1	ушёл
886	7	1	факт
887	7	1	франции
888	7	1	ходил
889	7	1	хотим
890	7	1	чем-то
891	7	1	чисто
892	7	1	читаю
893	7	1	чуть-чуть
894	7	1	шли
895	6	1	а-а-а
896	6	1	автобус
897	6	1	автобусе
898	6	1	ам
899	6	1	антифриз
900	6	1	бабуля
901	6	1	бабушки
902	6	1	бешбармак
903	6	1	большие
904	6	1	буквально
905	6	1	вау
906	6	1	верно
907	6	1	виду
908	6	1	во-вторых
909	6	1	волосы
910	6	1	вообще-то
911	6	1	восемнадцать
912	6	1	всей
913	6	1	всяких
914	6	1	выпускной
915	6	1	вышла
916	6	1	главного
917	6	1	говорится
918	6	1	годы
919	6	1	гончар
920	6	1	гораздо
921	6	1	готовился
922	6	1	группа
923	6	1	двумя
924	6	1	дед
925	6	1	должно
926	6	1	доме
927	6	1	думали
928	6	1	ездил
929	6	1	жигули
930	6	1	загрузили
931	6	1	закончила
932	6	1	запомнила
933	6	1	знаем
934	6	1	знак
935	6	1	играет
936	6	1	играли
937	6	1	идёт
938	6	1	институт
939	6	1	информация
940	6	1	иран
941	6	1	ирана
942	6	1	каждого
943	6	1	казахстана
944	6	1	какого-то
945	6	1	квартиры
946	6	1	класса
947	6	1	книги
948	6	1	кого-то
949	6	1	колесо
950	6	1	коллектив
951	6	1	кормила
952	6	1	которого
953	6	1	красиво
954	6	1	крым
955	6	1	кто-нибудь
956	6	1	куда-то
957	6	1	культура
958	6	1	лагере
959	6	1	легко
960	6	1	лингвистике
961	6	1	литературу
962	6	1	лишь
963	6	1	лук
964	6	1	лучший
965	6	1	любил
966	6	1	любимый
967	6	1	математике
968	6	1	мгм
969	6	1	мем
970	6	1	месяц
971	6	1	миллионов
972	6	1	могли
973	6	1	мужик
974	6	1	мужчина
975	6	1	мясо
976	6	1	намного
977	6	1	написала
978	6	1	находятся
979	6	1	начинает
980	6	1	нашего
981	6	1	немец
982	6	1	никакой
983	6	1	никуда
984	6	1	ногой
985	6	1	носили
986	6	1	обед
987	6	1	одного
988	6	1	орешки
989	6	1	первом
990	6	1	поговорим
991	6	1	погрей
992	6	1	подумала
993	6	1	поздно
994	6	1	покупайте
995	6	1	полностью
996	6	1	полу
997	6	1	польский
998	6	1	поступил
999	6	1	появились
1000	6	1	преподаватели
1001	6	1	причём
1002	6	1	пятёрка
1003	6	1	работе
1004	6	1	рассказывать
1005	6	1	рождения
1006	6	1	русские
1007	6	1	самого
1008	6	1	самолет
1009	6	1	самые
1010	6	1	саш
1011	6	1	свет
1012	6	1	свое
1013	6	1	семьдесят
1014	6	1	семью
1015	6	1	скажу
1016	6	1	слава
1017	6	1	словами
1018	6	1	слышно
1019	6	1	снимали
1020	6	1	снимать
1021	6	1	снова
1022	6	1	советского
1023	6	1	сообщение
1024	6	1	сорок
1025	6	1	спал
1026	6	1	спрашивают
1027	6	1	страшно
1028	6	1	студенты
1029	6	1	судить
1030	6	1	сути
1031	6	1	сынок
1032	6	1	так-то
1033	6	1	таком
1034	6	1	тех
1035	6	1	той
1036	6	1	том-то
1037	6	1	точки
1038	6	1	трудно
1039	6	1	ту
1040	6	1	тысяч
1041	6	1	убирай
1042	6	1	учителей
1043	6	1	учителем
1044	6	1	ушел
1045	6	1	худи
1046	6	1	церковь
1047	6	1	человечек
1048	6	1	чувак
1049	6	1	школ
1050	6	1	штук
1051	6	1	щас
1052	6	1	этаж
1053	6	1	эх
1054	5	1	активно
1055	5	1	арахис
1056	5	1	бабушку
1057	5	1	баллов
1058	5	1	берет
1059	5	1	билет
1060	5	1	ближе
1061	5	1	богу
1062	5	1	боюсь
1063	5	1	будущем
1064	5	1	бутово
1065	5	1	ваня
1066	5	1	вариант
1067	5	1	венера
1068	5	1	вернее
1069	5	1	вещь
1070	5	1	взгляд
1071	5	1	вид
1072	5	1	видела
1073	5	1	видеть
1074	5	1	вкусный
1075	5	1	вложил
1076	5	1	вместо
1077	5	1	вниз
1078	5	1	восьми
1079	5	1	вполне
1080	5	1	всё-таки
1081	5	1	второе
1082	5	1	выбор
1083	5	1	выиграл
1084	5	1	вырезать
1085	5	1	вырос
1086	5	1	выставках
1087	5	1	выходные
1088	5	1	вышло
1089	5	1	газета
1090	5	1	гешу
1091	5	1	голову
1092	5	1	горбачёв
1093	5	1	гости
1094	5	1	грубо
1095	5	1	грязь
1096	5	1	гэкаю
1097	5	1	двадцати
1098	5	1	делаем
1099	5	1	делала
1100	5	1	делают
1101	5	1	держать
1102	5	1	детали
1103	5	1	детства
1104	5	1	деятельности
1105	5	1	доехали
1106	5	1	долг
1107	5	1	дороже
1108	5	1	другим
1109	5	1	ездила
1110	5	1	ездит
1111	5	1	ест
1112	5	1	желание
1113	5	1	жестко
1114	5	1	жесть
1115	5	1	живу
1116	5	1	жила
1117	5	1	з
1118	5	1	заранее
1119	5	1	зато
1120	5	1	зашли
1121	5	1	знать
1122	5	1	идее
1123	5	1	идешь
1124	5	1	ии
1125	5	1	имею
1126	5	1	имеют
1127	5	1	иначе
1128	5	1	инопланетян
1129	5	1	интернете
1130	5	1	искать
1131	5	1	итак
1132	5	1	каждом
1133	5	1	камеру
1134	5	1	каракатицах
1135	5	1	картинки
1136	5	1	квартира
1137	5	1	кили
1138	5	1	килограмм
1139	5	1	классов
1140	5	1	комнате
1141	5	1	конце
1142	5	1	коридоре
1143	5	1	корпус
1144	5	1	корреспондентом
1145	5	1	красивые
1146	5	1	крестик
1147	5	1	крысу
1148	5	1	купили
1149	5	1	лагерь
1150	5	1	лекцию
1151	5	1	лилии
1152	5	1	лингвисты
1153	5	1	лол
1154	5	1	лука
1155	5	1	магазин
1156	5	1	маккартни
1157	5	1	мальчик
1158	5	1	маме
1159	5	1	маму
1160	5	1	марс
1161	5	1	математический
1162	5	1	машину
1163	5	1	меровинги
1164	5	1	мечты
1165	5	1	мимо
1166	5	1	миндаль
1167	5	1	мол
1168	5	1	молодец
1169	5	1	москва
1170	5	1	нагло
1171	5	1	назывался
1172	5	1	настя
1173	5	1	ненавидят
1174	5	1	никому
1175	5	1	нового
1176	5	1	ноль
1177	5	1	нужны
1178	5	1	нём
1179	5	1	общества
1180	5	1	ого
1181	5	1	одновременнно
1182	5	1	ок
1183	5	1	осталась
1184	5	1	остановиться
1185	5	1	отлично
1186	5	1	оттуда
1187	5	1	оценки
1188	5	1	очень-очень
1189	5	1	очки
1190	5	1	пальто
1191	5	1	парадигма
1192	5	1	переехать
1193	5	1	писал
1194	5	1	писать
1195	5	1	платье
1196	5	1	победил
1197	5	1	подписывайтесь
1198	5	1	подумал
1199	5	1	поездки
1200	5	1	поехала
1201	5	1	показывает
1202	5	1	поле
1203	5	1	получалось
1204	5	1	понравился
1205	5	1	последняя
1206	5	1	посмотрела
1207	5	1	поставить
1208	5	1	построили
1209	5	1	правило
1210	5	1	правильно
1211	5	1	прекрасный
1212	5	1	приходили
1213	5	1	приходится
1214	5	1	проронил
1215	5	1	проходят
1216	5	1	прочее
1217	5	1	прочим
1218	5	1	прошёл
1219	5	1	пытался
1220	5	1	пью
1221	5	1	пятом
1222	5	1	пятый
1223	5	1	ради
1224	5	1	различные
1225	5	1	расписание
1226	5	1	рассказывал
1227	5	1	ребёнок
1228	5	1	результате
1229	5	1	рентген
1230	5	1	родителям
1231	5	1	роль
1232	5	1	русская
1233	5	1	русского
1234	5	1	русском
1235	5	1	салют
1236	5	1	самая
1237	5	1	самой
1238	5	1	самую
1239	5	1	саша
1240	5	1	своем
1241	5	1	своими
1242	5	1	своём
1243	5	1	села
1244	5	1	сестра
1245	5	1	сидела
1246	5	1	сидит
1247	5	1	систему
1248	5	1	системы
1249	5	1	скайп
1250	5	1	складывается
1251	5	1	следующая
1252	5	1	слышал
1253	5	1	снимаешь
1254	5	1	согласна
1255	5	1	спросить
1256	5	1	стоять
1257	5	1	странно
1258	5	1	суть
1259	5	1	сходить
1260	5	1	счёт
1261	5	1	съела
1262	5	1	твёрдый
1263	5	1	театр
1264	5	1	телефон
1265	5	1	тину
1266	5	1	толстовка
1267	5	1	третьем
1268	5	1	увидела
1269	5	1	угодно
1270	5	1	удалось
1271	5	1	удобно
1272	5	1	удовольствие
1273	5	1	умел
1274	5	1	уметь
1275	5	1	умеют
1276	5	1	уровне
1277	5	1	успела
1278	5	1	учёба
1279	5	1	фамилия
1280	5	1	физике
1281	5	1	физику
1282	5	1	фильмов
1283	5	1	фильмы
1284	5	1	французский
1285	5	1	хватает
1286	5	1	хватит
1287	5	1	хихи
1288	5	1	хм
1289	5	1	хорватии
1290	5	1	хорошее
1291	5	1	цветы
1292	5	1	целую
1293	5	1	человеком
1294	5	1	чему
1295	5	1	читает
1296	5	1	читал
1297	5	1	штука
